 &FCI NORB=  10,NELEC=10,MS2=0,
  ORBSYM=1,1,1,1,1,1,1,1,1,1,
  ISYM=1,
 &END
 0.8059331137711055    1    1    1    1
 0.004794817052118686    2    1    1    1
 0.02890642000134983    2    1    2    1
 0.6905711384400065    2    2    1    1
 0.004712408516872079    2    2    2    1
 0.6957508576733167    2    2    2    2
 0.0006876172164291612    3    1    1    1
 -0.002011167640787693    3    1    2    1
 -0.008182670301921954    3    1    2    2
 0.02245048589813161    3    1    3    1
 -0.0002308608902262318    3    2    1    1
 0.003598831817922775    3    2    2    1
 -0.002458136947863058    3    2    2    2
 -0.001983929426863749    3    2    3    1
 0.01737231814140673    3    2    3    2
 0.6137160933003785    3    3    1    1
 0.007326783922576466    3    3    2    1
 0.5774411334900644    3    3    2    2
 0.0006029533015722155    3    3    3    1
 -0.003798704527096532    3    3    3    2
 0.5473619180479301    3    3    3    3
 0.003427107137566708    4    1    1    1
 -0.001494374186649263    4    1    2    1
 0.003398364997677406    4    1    2    2
 -0.001171602003499389    4    1    3    1
 -0.007220328522373958    4    1    3    2
 -0.0004556872537131743    4    1    3    3
 0.02988914612785921    4    1    4    1
 -0.005804959983264991    4    2    1    1
 -0.0001781853153427873    4    2    2    1
 -0.008916063650187406    4    2    2    2
 0.000762486028393593    4    2    3    1
 0.001274562237555907    4    2    3    2
 -0.0147233788483897    4    2    3    3
 0.001216834901103897    4    2    4    1
 0.02001406738564863    4    2    4    2
 -0.002649564404168302    4    3    1    1
 0.006614628474036562    4    3    2    1
 -0.005757603873489116    4    3    2    2
 0.002214222249664751    4    3    3    1
 0.0024358866510099    4    3    3    2
 -0.00387613229908218    4    3    3    3
 -0.002822414334481111    4    3    4    1
 0.002344538795417566    4    3    4    2
 0.01722106078298281    4    3    4    3
 0.6861182237163803    4    4    1    1
 0.001876669389688233    4    4    2    1
 0.6533720838345841    4    4    2    2
 0.007379469597318404    4    4    3    1
 -0.006772474595087645    4    4    3    2
 0.5779694620685565    4    4    3    3
 0.002851173924440004    4    4    4    1
 -0.008852259151958392    4    4    4    2
 -0.002839008268947464    4    4    4    3
 0.6915774011414825    4    4    4    4
 -0.0009889544520972607    5    1    1    1
 0.001651753406177951    5    1    2    1
 0.0003781253320233944    5    1    2    2
 -0.0006450403926637736    5    1    3    1
 0.001333908027128654    5    1    3    2
 -0.001399998107015222    5    1    3    3
 -0.0004344345652371254    5    1    4    1
 0.001249168051637242    5    1    4    2
 0.001409211463573879    5    1    4    3
 -0.0009635572823127766    5    1    4    4
 0.01451104035973603    5    1    5    1
 -0.02000654067233378    5    2    1    1
 -0.0006715542077625691    5    2    2    1
 -0.01567160944810223    5    2    2    2
 0.005935728815709989    5    2    3    1
 0.0005083370472240595    5    2    3    2
 -0.01675155774933336    5    2    3    3
 -0.002420598796053594    5    2    4    1
 0.005833766706035011    5    2    4    2
 0.00364412740195335    5    2    4    3
 -0.004694749829793152    5    2    4    4
 0.00125693625386614    5    2    5    1
 0.02521986432761524    5    2    5    2
 0.002117893132080502    5    3    1    1
 -0.007855084415972009    5    3    2    1
 0.0004494258128933051    5    3    2    2
 0.0002942212264527489    5    3    3    1
 0.001776108518246973    5    3    3    2
 0.0002904852962482254    5    3    3    3
 -0.00775150659010685    5    3    4    1
 -0.001440815500632154    5    3    4    2
 -0.002915758715568871    5    3    4    3
 -0.0005436158345109075    5    3    4    4
 -0.0008150082251178871    5    3    5    1
 -0.0007336714177262036    5    3    5    2
 0.02235513392893736    5    3    5    3
 0.02435565042665141    5    4    1    1
 0.001310362345585416    5    4    2    1
 0.009494280594085908    5    4    2    2
 0.006025461977739421    5    4    3    1
 -0.002404051174966014    5    4    3    2
 0.02301126307176437    5    4    3    3
 0.0002032708905580708    5    4    4    1
 -0.005302997088896788    5    4    4    2
 0.0001927257944489968    5    4    4    3
 0.02119739920718283    5    4    4    4
 -0.001730457798887908    5    4    5    1
 -0.003360293646778166    5    4    5    2
 -0.0006872469251387282    5    4    5    3
 0.02555454624262031    5    4    5    4
 0.6733659899056033    5    5    1    1
 0.001434164545400077    5    5    2    1
 0.6082109655767902    5    5    2    2
 0.002186825113223549    5    5    3    1
 -0.002042382628771689    5    5    3    2
 0.5392981197565513    5    5    3    3
 0.005798083250151614    5    5    4    1
 -0.002249154711454693    5    5    4    2
 -0.002291288771167835    5    5    4    3
 0.6073921791417778    5    5    4    4
 -0.000807879824095642    5    5    5    1
 -0.01283175613195958    5    5    5    2
 0.0007277024312840525    5    5    5    3
 0.018478495132733    5    5    5    4
 0.6179199524948256    5    5    5    5
 -0.002383367936844984    6    1    1    1
 -0.0003261047788444845    6    1    2    1
 -0.002142629586393602    6    1    2    2
 1.903649034260017e-05    6    1    3    1
 -5.116015326644323e-05    6    1    3    2
 -0.002026397543163358    6    1    3    3
 0.000353764452577931    6    1    4    1
 6.048408534649406e-05    6    1    4    2
 -3.837685608464104e-05    6    1    4    3
 -0.002108743861709027    6    1    4    4
 0.0002354464449876735    6    1    5    1
 8.668164965310906e-05    6    1    5    2
 -1.092763417698263e-05    6    1    5    3
 -0.0001239452849581761    6    1    5    4
 -0.001975364667994579    6    1    5    5
 0.0001859531876836225    6    1    6    1
 -0.007395065341918096    6    2    1    1
 -0.0001912498076111129    6    2    2    1
 -0.007628038940918672    6    2    2    2
 0.000248032584746678    6    2    3    1
 0.0001024614282009106    6    2    3    2
 -0.005876638173059849    6    2    3    3
 -7.092252209383221e-05    6    2    4    1
 0.000436171050066733    6    2    4    2
 5.574777039148642e-05    6    2    4    3
 -0.006855259248968728    6    2    4    4
 1.806017957339604e-05    6    2    5    1
 0.0007246342266863581    6    2    5    2
 5.98637188580106e-05    6    2    5    3
 -0.0001451399511081967    6    2    5    4
 -0.006156912644177858    6    2    5    5
 7.709312120803714e-05    6    2    6    1
 0.0005875020829065669    6    2    6    2
 0.0006309270839374785    6    3    1    1
 0.0001532115576210097    6    3    2    1
 0.0007162580925715436    6    3    2    2
 3.079308779735659e-05    6    3    3    1
 -0.0002458861281861694    6    3    3    2
 0.000558799192779323    6    3    3    3
 8.411193539881314e-05    6    3    4    1
 -2.039274074885368e-05    6    3    4    2
 0.000313277759047335    6    3    4    3
 0.0006221143383120678    6    3    4    4
 2.834626365434565e-05    6    3    5    1
 -4.344677896572827e-05    6    3    5    2
 0.0002037092421609117    6    3    5    3
 -9.217080463592803e-07    6    3    5    4
 0.0005820444681481708    6    3    5    5
 -2.119827918521548e-05    6    3    6    1
 -6.613866625282169e-05    6    3    6    2
 0.0006824946327503103    6    3    6    3
 0.007825159801141738    6    4    1    1
 3.210253669349709e-05    6    4    2    1
 0.007253914386312537    6    4    2    2
 0.0002241925902429457    6    4    3    1
 -2.294292718977941e-05    6    4    3    2
 0.006205124582678134    6    4    3    3
 -0.0001825478636990099    6    4    4    1
 -0.0004356362287255062    6    4    4    2
 -6.453998984650561e-05    6    4    4    3
 0.008025772226909467    6    4    4    4
 -5.640646528638178e-05    6    4    5    1
 -4.01565979187833e-05    6    4    5    2
 9.734670768758284e-05    6    4    5    3
 0.000790380689125318    6    4    5    4
 0.006587857451932468    6    4    5    5
 -8.460564570090058e-05    6    4    6    1
 -0.0004228759892663022    6    4    6    2
 -3.687629228916825e-05    6    4    6    3
 0.0006869345660631295    6    4    6    4
 0.01074056866197401    6    5    1    1
 5.248460145845757e-05    6    5    2    1
 0.009489720322395829    6    5    2    2
 4.622485880706285e-05    6    5    3    1
 3.698720974460119e-06    6    5    3    2
 0.007635388905058875    6    5    3    3
 5.898135693871202e-05    6    5    4    1
 -9.015683851619808e-05    6    5    4    2
 -3.667928826084408e-05    6    5    4    3
 0.009462287560631328    6    5    4    4
 -6.086805138733312e-05    6    5    5    1
 -0.000378222621612787    6    5    5    2
 7.566900446369292e-05    6    5    5    3
 0.0005101806633275824    6    5    5    4
 0.009375404505863872    6    5    5    5
 -5.983281508231863e-05    6    5    6    1
 -0.0004860438363161685    6    5    6    2
 4.194028158602351e-05    6    5    6    3
 0.0005571837234287101    6    5    6    4
 0.0007715409878631651    6    5    6    5
 0.182009815804651    6    6    1    1
 0.0005771675002199211    6    6    2    1
 0.180947137330895    6    6    2    2
 -9.101176715830635e-05    6    6    3    1
 -0.001685342339370423    6    6    3    2
 0.1820091915865316    6    6    3    3
 -0.0002383983961254028    6    6    4    1
 -0.002362959201577919    6    6    4    2
 -0.001949626055555606    6    6    4    3
 0.1805354865474534    6    6    4    4
 -0.000289094464940894    6    6    5    1
 -0.005327474695340387    6    6    5    2
 0.0003004528113292015    6    6    5    3
 0.007055479609281129    6    6    5    4
 0.1739371754070475    6    6    5    5
 -0.002654311293882149    6    6    6    1
 -0.0090109369265473    6    6    6    2
 0.0005780251656590365    6    6    6    3
 0.01012159410342896    6    6    6    4
 0.009275870908650058    6    6    6    5
 0.6174562769066747    6    6    6    6
 -0.0003824802564807974    7    1    1    1
 0.0001927715779022645    7    1    2    1
 7.851370404664208e-05    7    1    2    2
 -0.001180961513984065    7    1    3    1
 0.0001053626243964005    7    1    3    2
 -0.0003524103771098727    7    1    3    3
 0.0001602847793556012    7    1    4    1
 -1.206028419520503e-05    7    1    4    2
 -8.420666426077568e-05    7    1    4    3
 -0.0007140608561190487    7    1    4    4
 3.987870731718017e-05    7    1    5    1
 -0.0005012497046254794    7    1    5    2
 -0.0001477305128555431    7    1    5    3
 -0.0004524749244257514    7    1    5    4
 -0.0004922601986061112    7    1    5    5
 2.38783684916511e-05    7    1    6    1
 -9.246369250622473e-05    7    1    6    2
 -5.393412308713691e-05    7    1    6    3
 -9.184641629395689e-05    7    1    6    4
 -1.877786697524701e-05    7    1    6    5
 -0.0003464927976935215    7    1    6    6
 0.0003691638548824224    7    1    7    1
 0.002584957674276832    7    2    1    1
 -0.0009365000836131227    7    2    2    1
 0.002518485621208717    7    2    2    2
 0.0001320742265947763    7    2    3    1
 -0.0007908379418015311    7    2    3    2
 0.001932192724210873    7    2    3    3
 0.0001754945582144486    7    2    4    1
 -3.46283078330625e-05    7    2    4    2
 -0.0006900652613697129    7    2    4    3
 0.002881045642272067    7    2    4    4
 -0.0001907427100710435    7    2    5    1
 -2.056169011460322e-05    7    2    5    2
 0.000333777624905365    7    2    5    3
 0.0002111720849130385    7    2    5    4
 0.002272428741549246    7    2    5    5
 -4.370498193972123e-05    7    2    6    1
 -5.533668420744593e-05    7    2    6    2
 -0.0002521094531292343    7    2    6    3
 0.0001803325158814191    7    2    6    4
 0.0001160812187440052    7    2    6    5
 0.002779953806726059    7    2    6    6
 -4.880127826213528e-06    7    2    7    1
 0.001238422537818432    7    2    7    2
 -0.02018843535516195    7    3    1    1
 -0.0003384677459874741    7    3    2    1
 -0.01904253323896031    7    3    2    2
 -3.51740040942867e-05    7    3    3    1
 -5.378543597114536e-05    7    3    3    2
 -0.01548176310628544    7    3    3    3
 0.0001389952449495627    7    3    4    1
 0.0006245339725440152    7    3    4    2
 -6.146956464369655e-05    7    3    4    3
 -0.01912195605274579    7    3    4    4
 3.052627121732852e-05    7    3    5    1
 0.0003256151096309638    7    3    5    2
 8.883076313993417e-06    7    3    5    3
 -0.0005731129530446631    7    3    5    4
 -0.01704967788605457    7    3    5    5
 6.478003916609852e-05    7    3    6    1
 0.0008639945072467381    7    3    6    2
 -0.0001096516906479291    7    3    6    3
 -0.0009976005721516455    7    3    6    4
 -0.001110330789725178    7    3    6    5
 -0.0169236484328726    7    3    6    6
 -1.089199954845574e-05    7    3    7    1
 -0.0002885404355415463    7    3    7    2
 0.004043826000050319    7    3    7    3
 0.003059180618166689    7    4    1    1
 0.000187211082221527    7    4    2    1
 0.003589769169749046    7    4    2    2
 -0.0001372384577996081    7    4    3    1
 -0.0005975126784329443    7    4    3    2
 0.002567978827630716    7    4    3    3
 0.0008654861794029182    7    4    4    1
 -2.240937339242602e-05    7    4    4    2
 -0.0005354631624346659    7    4    4    3
 0.003317815907883985    7    4    4    4
 4.56856182229941e-06    7    4    5    1
 -0.0003125928965310658    7    4    5    2
 -0.0003925816840112616    7    4    5    3
 -2.419592536058498e-05    7    4    5    4
 0.002772221327626563    7    4    5    5
 -7.158793656635956e-05    7    4    6    1
 -0.0001871119785531702    7    4    6    2
 0.0002969947727890535    7    4    6    3
 3.436784780630549e-05    7    4    6    4
 0.0001554633684739224    7    4    6    5
 0.003974542058648615    7    4    6    6
 -1.796378651009373e-05    7    4    7    1
 -0.0009687203961089015    7    4    7    2
 -0.0004351933887986979    7    4    7    3
 0.001586144480696857    7    4    7    4
 -0.0005109640911132694    7    5    1    1
 0.0005308998843330001    7    5    2    1
 -0.0004735101336794799    7    5    2    2
 0.0001563230912745226    7    5    3    1
 -0.0003801252608412399    7    5    3    2
 -0.0001480790860413382    7    5    3    3
 0.000528499981470489    7    5    4    1
 0.0001047718453227193    7    5    4    2
 0.0005046361241283669    7    5    4    3
 -0.0001310976745921178    7    5    4    4
 2.580128746874883e-05    7    5    5    1
 0.0002145384579780701    7    5    5    2
 -0.001417170449071493    7    5    5    3
 0.0002694234530845335    7    5    5    4
 -0.0003542396495783305    7    5    5    5
 -6.339966213542345e-06    7    5    6    1
 -1.772229211381587e-05    7    5    6    2
 0.000167454127559842    7    5    6    3
 -7.312259028781934e-05    7    5    6    4
 -4.083829506474673e-05    7    5    6    5
 -0.0003675849081787084    7    5    6    6
 -7.089353949824061e-06    7    5    7    1
 -0.000456118677349876    7    5    7    2
 8.216889482972364e-05    7    5    7    3
 0.0005037113153960427    7    5    7    4
 0.0006955178471738791    7    5    7    5
 -0.0003307019000796788    7    6    1    1
 -0.0006319062328989924    7    6    2    1
 -0.0005981346585704828    7    6    2    2
 -4.402377731687275e-05    7    6    3    1
 0.0004361174145419021    7    6    3    2
 -0.0006275392061480029    7    6    3    3
 -0.0005065944834581271    7    6    4    1
 -4.929131885458149e-05    7    6    4    2
 -0.0006213671296212382    7    6    4    3
 -0.00044178835283927    7    6    4    4
 -8.267367991152251e-05    7    6    5    1
 8.409418319425175e-05    7    6    5    2
 0.0006643891164098877    7    6    5    3
 -2.864646475352834e-05    7    6    5    4
 -0.0004090863609973222    7    6    5    5
 3.090178321979885e-05    7    6    6    1
 0.0001355462915966665    7    6    6    2
 -0.001406015717440415    7    6    6    3
 0.000258600276518098    7    6    6    4
 -4.562507037530342e-05    7    6    6    5
 -0.00080186382188964    7    6    6    6
 -4.791633463852579e-05    7    6    7    1
 0.0003240367774340686    7    6    7    2
 -3.877246940329965e-05    7    6    7    3
 -0.0004327711835302195    7    6    7    4
 0.0001954294229115754    7    6    7    5
 0.02239947679574185    7    6    7    6
 0.1912096833228382    7    7    1    1
 0.0004876500430172911    7    7    2    1
 0.1895865485048695    7    7    2    2
 -8.082406835381571e-05    7    7    3    1
 -0.001848821862731682    7    7    3    2
 0.1919711179881886    7    7    3    3
 -0.0002448648277325738    7    7    4    1
 -0.002690527417553424    7    7    4    2
 -0.002321520289358869    7    7    4    3
 0.1892506737235969    7    7    4    4
 -0.0003739241528826787    7    7    5    1
 -0.005760809619940628    7    7    5    2
 0.0004811387158161955    7    7    5    3
 0.00760511374790366    7    7    5    4
 0.1822978255314305    7    7    5    5
 -0.002365637583578362    7    7    6    1
 -0.007015813730257095    7    7    6    2
 0.0003222166077567628    7    7    6    3
 0.007740709235886905    7    7    6    4
 0.007560663782575089    7    7    6    5
 0.5392219651006152    7    7    6    6
 -0.0004219589780292852    7    7    7    1
 0.003008278481228179    7    7    7    2
 -0.01538169524556897    7    7    7    3
 0.003825540231832866    7    7    7    4
 -0.0003465121315911761    7    7    7    5
 -0.0004299456550279607    7    7    7    6
 0.5478668968972293    7    7    7    7
 -0.002745560620630257    8    1    1    1
 -0.0006441619073618737    8    1    2    1
 -0.002278120493315951    8    1    2    2
 0.0003269627334402214    8    1    3    1
 -0.0004369989529224456    8    1    3    2
 -0.002066249185330219    8    1    3    3
 0.0004146860278654644    8    1    4    1
 4.325624322507868e-05    8    1    4    2
 -0.0001078301966949468    8    1    4    3
 -0.001979110738596492    8    1    4    4
 -0.0003910874519308866    8    1    5    1
 0.000156609204291265    8    1    5    2
 -0.0001737296256953541    8    1    5    3
 -1.136550233578806e-05    8    1    5    4
 -0.002069292840129945    8    1    5    5
 -3.657869249682421e-05    8    1    6    1
 4.807980393525634e-05    8    1    6    2
 0.0001149767047086121    8    1    6    3
 -0.0001023662812871211    8    1    6    4
 -5.498783768479456e-05    8    1    6    5
 -0.002117593543109    8    1    6    6
 -2.793292155958919e-05    8    1    7    1
 -0.000374036201128519    8    1    7    2
 0.0001146174567915602    8    1    7    3
 0.0003463889087658106    8    1    7    4
 0.0001302586567297026    8    1    7    5
 -0.0002215737629619562    8    1    7    6
 -0.002269733538284459    8    1    7    7
 0.0004009842269197969    8    1    8    1
 -0.01197523599588104    8    2    1    1
 -9.211815560993309e-06    8    2    2    1
 -0.01215805230941278    8    2    2    2
 -7.548312266846757e-05    8    2    3    1
 6.803882729666398e-05    8    2    3    2
 -0.008772043005994885    8    2    3    3
 -2.462516425242441e-05    8    2    4    1
 0.0001075281278465815    8    2    4    2
 0.000122706933173469    8    2    4    3
 -0.01154156142749941    8    2    4    4
 -2.318799377411063e-05    8    2    5    1
 -0.000318487814476771    8    2    5    2
 -8.653242008155764e-05    8    2    5    3
 -5.422628844238699e-05    8    2    5    4
 -0.01025197028659635    8    2    5    5
 7.146901651797669e-05    8    2    6    1
 0.0004068898456125078    8    2    6    2
 4.426162024315935e-05    8    2    6    3
 -0.0005107129918564174    8    2    6    4
 -0.000534804690858471    8    2    6    5
 -0.01043515850545012    8    2    6    6
 -6.57224247392863e-05    8    2    7    1
 -0.0002817950361666969    8    2    7    2
 0.001516803071237636    8    2    7    3
 -8.605291782768642e-05    8    2    7    4
 0.0001235765853036032    8    2    7    5
 -0.0001135123506719467    8    2    7    6
 -0.008932367135670916    8    2    7    7
 0.0001497899059635157    8    2    8    1
 0.001057562454271392    8    2    8    2
 0.004937825191362077    8    3    1    1
 -0.0005363813149433479    8    3    2    1
 0.004418537838736865    8    3    2    2
 -4.403991231052351e-05    8    3    3    1
 3.713158548521371e-06    8    3    3    2
 0.00393426890357629    8    3    3    3
 -0.0003090632736225528    8    3    4    1
 -0.0002182292564546848    8    3    4    2
 -0.000559849880030735    8    3    4    3
 0.004620147888818638    8    3    4    4
 -0.0001613102906360806    8    3    5    1
 -0.0001589483489749718    8    3    5    2
 0.0003866138222268381    8    3    5    3
 0.0002517645032556406    8    3    5    4
 0.004076641161271385    8    3    5    5
 -1.864387595013695e-06    8    3    6    1
 -5.204593899302363e-05    8    3    6    2
 -0.0004740876637977738    8    3    6    3
 0.0002778005406104079    8    3    6    4
 0.0001724503307608782    8    3    6    5
 0.002886542031096357    8    3    6    6
 -8.370744238495489e-06    8    3    7    1
 0.0009958567385037235    8    3    7    2
 -0.0004504868661059932    8    3    7    3
 -0.0009418758638222609    8    3    7    4
 -0.0002856944535327956    8    3    7    5
 0.0003764614327977095    8    3    7    6
 0.002641073888768755    8    3    7    7
 -0.0004191908804666545    8    3    8    1
 -0.0003559367443198081    8    3    8    2
 0.001481007048886297    8    3    8    3
 0.0012983594101048    8    4    1    1
 7.790346482236697e-05    8    4    2    1
 0.001455475393928243    8    4    2    2
 -0.0002325377942632776    8    4    3    1
 3.525472677280517e-05    8    4    3    2
 0.001112307592116433    8    4    3    3
 -7.192962194938321e-05    8    4    4    1
 -0.0003667513659107208    8    4    4    2
 7.609748691228348e-05    8    4    4    3
 0.001205349730545914    8    4    4    4
 1.338333237703447e-05    8    4    5    1
 -0.0001168431842358664    8    4    5    2
 1.486000645850014e-05    8    4    5    3
 -0.0003149403246335011    8    4    5    4
 0.001040034023213097    8    4    5    5
 -3.28195965158792e-05    8    4    6    1
 -1.600873469532868e-05    8    4    6    2
 3.106397975582935e-05    8    4    6    3
 -6.11581793000207e-05    8    4    6    4
 -5.706988076652314e-05    8    4    6    5
 0.0009530422094714867    8    4    6    6
 1.288911223427861e-05    8    4    7    1
 -1.179634392243149e-05    8    4    7    2
 -5.128823673194769e-05    8    4    7    3
 -2.98498474256202e-06    8    4    7    4
 -2.665210997737739e-05    8    4    7    5
 -2.836722058272543e-05    8    4    7    6
 0.001063910128939984    8    4    7    7
 -1.22623814365931e-05    8    4    8    1
 -7.348240731499647e-05    8    4    8    2
 -4.178843980537965e-05    8    4    8    3
 0.000224614257044903    8    4    8    4
 -0.01170562685314843    8    5    1    1
 -0.0001655097657186979    8    5    2    1
 -0.01049714152989084    8    5    2    2
 -0.0001640793017362822    8    5    3    1
 2.471956369347834e-06    8    5    3    2
 -0.008025687659352396    8    5    3    3
 -0.0002140008374969929    8    5    4    1
 -0.0002076122992719634    8    5    4    2
 -9.375406595135107e-05    8    5    4    3
 -0.01050287076515818    8    5    4    4
 -0.000133090670711639    8    5    5    1
 -0.0004366385444438343    8    5    5    2
 0.0002419879851212957    8    5    5    3
 -0.0001035313416837383    8    5    5    4
 -0.01046577015007733    8    5    5    5
 5.236495379334205e-05    8    5    6    1
 0.0003018785100874196    8    5    6    2
 -7.872938499648598e-05    8    5    6    3
 -0.0004013299107491689    8    5    6    4
 -0.0005744823359753846    8    5    6    5
 -0.006941519286505123    8    5    6    6
 5.456045941448951e-05    8    5    7    1
 1.176671327865392e-05    8    5    7    2
 0.001039736598256996    8    5    7    3
 -0.0002830408156506496    8    5    7    4
 -3.784819707065899e-05    8    5    7    5
 9.54838545186504e-05    8    5    7    6
 -0.006507931716097012    8    5    7    7
 2.382112207222399e-05    8    5    8    1
 0.0004868035451082484    8    5    8    2
 -6.268191748214998e-05    8    5    8    3
 5.589731048087377e-05    8    5    8    4
 0.0007231165157680356    8    5    8    5
 -0.00705218189693314    8    6    1    1
 -1.300289777933954e-05    8    6    2    1
 -0.006843303722432114    8    6    2    2
 5.536278190177111e-05    8    6    3    1
 0.000136932726349084    8    6    3    2
 -0.007102729210222862    8    6    3    3
 -3.209263107204201e-05    8    6    4    1
 0.0001924478917216077    8    6    4    2
 0.0001997096703850657    8    6    4    3
 -0.006756134558188463    8    6    4    4
 3.182076281986629e-05    8    6    5    1
 0.0004454890292166218    8    6    5    2
 -2.680641065853731e-06    8    6    5    3
 -0.0004153565623121249    8    6    5    4
 -0.00658275475080591    8    6    5    5
 0.0001016869788026787    8    6    6    1
 -0.0003256096346634133    8    6    6    2
 0.0002615162841753989    8    6    6    3
 -8.026366550050528e-05    8    6    6    4
 -0.000499410399169397    8    6    6    5
 -0.01728125399486801    8    6    6    6
 -6.571000693212576e-05    8    6    7    1
 -0.0002336849295796454    8    6    7    2
 0.0005419663772475697    8    6    7    3
 -0.0002311524050068313    8    6    7    4
 -1.852448096326797e-05    8    6    7    5
 -0.0005491048601705504    8    6    7    6
 -0.02171069532494654    8    6    7    7
 9.40209542554062e-05    8    6    8    1
 -0.0001684286265762126    8    6    8    2
 1.811509970819054e-05    8    6    8    3
 0.000302683397666197    8    6    8    4
 0.0007836510322232986    8    6    8    5
 0.02554351492147971    8    6    8    6
 -0.00200730187254762    8    7    1    1
 -0.0004509021800964312    8    7    2    1
 -0.002100479900409838    8    7    2    2
 -6.153635335765026e-05    8    7    3    1
 0.0004603166715076677    8    7    3    2
 -0.002302000836877614    8    7    3    3
 -0.0003141431781803775    8    7    4    1
 1.638415371137577e-05    8    7    4    2
 -0.0003025936929073592    8    7    4    3
 -0.002059556221182034    8    7    4    4
 -9.833266754236463e-07    8    7    5    1
 0.0001676697676595463    8    7    5    2
 0.0005766834930980153    8    7    5    3
 -0.0002169894205887078    8    7    5    4
 -0.00192337172065329    8    7    5    5
 1.677173360744712e-05    8    7    6    1
 3.233098101207758e-06    8    7    6    2
 -0.0004538822583437606    8    7    6    3
 8.992136505206737e-05    8    7    6    4
 -3.15472871108867e-05    8    7    6    5
 -0.002802171959306221    8    7    6    6
 6.685579705642002e-05    8    7    7    1
 7.056599252563103e-05    8    7    7    2
 -5.589124740151897e-05    8    7    7    3
 -0.0005338772966446963    8    7    7    4
 -0.0003161733597429528    8    7    7    5
 0.002650768283541007    8    7    7    6
 -0.004196715612352488    8    7    7    7
 -0.0001713495450494395    8    7    8    1
 -2.051115845589096e-05    8    7    8    2
 -0.0006002659685591683    8    7    8    3
 0.0001024493483780986    8    7    8    4
 7.604269252022631e-05    8    7    8    5
 0.0001687292285843371    8    7    8    6
 0.01720722129924636    8    7    8    7
 0.1898601846212655    8    8    1    1
 0.0007058419057634306    8    8    2    1
 0.1891062486316434    8    8    2    2
 -0.0002273915180162871    8    8    3    1
 -0.001776779649107931    8    8    3    2
 0.1893678336926153    8    8    3    3
 -0.0003344042258016556    8    8    4    1
 -0.002463209046399623    8    8    4    2
 -0.002078382181970308    8    8    4    3
 0.188409825826065    8    8    4    4
 -0.000304358467212673    8    8    5    1
 -0.005453803038777309    8    8    5    2
 0.0002936250091954314    8    8    5    3
 0.00726023950831184    8    8    5    4
 0.1809428076030998    8    8    5    5
 -0.002732387153760797    8    8    6    1
 -0.009014245509485461    8    8    6    2
 0.0003851731509755515    8    8    6    3
 0.01018224789743576    8    8    6    4
 0.009378673677684116    8    8    6    5
 0.6074417084696657    8    8    6    6
 -0.0003032914843760326    8    8    7    1
 0.003140274516841354    8    8    7    2
 -0.0189850820082944    8    8    7    3
 0.004526014510865192    8    8    7    4
 -0.0003634908097383103    8    8    7    5
 -0.0001389550176446185    8    8    7    6
 0.5783534785888572    8    8    7    7
 -0.002680544385486432    8    8    8    1
 -0.0123819909678583    8    8    8    2
 0.003381352276994974    8    8    8    3
 0.001092734111795924    8    8    8    4
 -0.008487378033299582    8    8    8    5
 -0.02017110632688688    8    8    8    6
 -0.00315522677174468    8    8    8    7
 0.693033746320217    8    8    8    8
 -0.003805534211907473    9    1    1    1
 -0.0002623045040006765    9    1    2    1
 -0.003079925169671547    9    1    2    2
 -0.0001466880346612671    9    1    3    1
 -0.0002131922675577141    9    1    3    2
 -0.002807526851511729    9    1    3    3
 0.000661496156544064    9    1    4    1
 1.571394760906793e-05    9    1    4    2
 -0.0003772345659284422    9    1    4    3
 -0.003113646979658915    9    1    4    4
 -0.0003397397853691684    9    1    5    1
 -4.212140438868646e-05    9    1    5    2
 9.636094803249918e-05    9    1    5    3
 -0.0001819307766119486    9    1    5    4
 -0.002989649855086614    9    1    5    5
 -1.850829068488844e-05    9    1    6    1
 0.0001206586117558396    9    1    6    2
 -0.0001411115553964828    9    1    6    3
 -8.881335200572309e-05    9    1    6    4
 -0.0001195178645423237    9    1    6    5
 -0.002961877175326233    9    1    6    6
 5.758417766606731e-05    9    1    7    1
 0.0002818552521569603    9    1    7    2
 0.0002877747170390796    9    1    7    3
 -0.0004503084427713549    9    1    7    4
 -0.0001287363404759137    9    1    7    5
 0.000296105866605566    9    1    7    6
 -0.002823648338312358    9    1    7    7
 -5.579340100644916e-05    9    1    8    1
 0.0001074341643420191    9    1    8    2
 0.0002961650462735211    9    1    8    3
 -1.372489003164592e-05    9    1    8    4
 0.0001707600125915901    9    1    8    5
 6.979326605137233e-05    9    1    8    6
 0.0001834414114349641    9    1    8    7
 -0.003444668562691007    9    1    8    8
 0.0004170361717642548    9    1    9    1
 0.002797139297927824    9    2    1    1
 -0.0001498894729272906    9    2    2    1
 0.002948065802836892    9    2    2    2
 -0.0002561309483936995    9    2    3    1
 -9.90147299105233e-05    9    2    3    2
 0.001768094988293085    9    2    3    3
 0.0001529330454157024    9    2    4    1
 0.0003571461871367559    9    2    4    2
 -8.077191709231359e-05    9    2    4    3
 0.00246777442372787    9    2    4    4
 -9.868667706358676e-07    9    2    5    1
 -0.0002966614568619561    9    2    5    2
 6.487390963330333e-06    9    2    5    3
 -0.0001736596883574047    9    2    5    4
 0.00242612076850022    9    2    5    5
 1.299576224517144e-05    9    2    6    1
 -0.0002096053360263892    9    2    6    2
 2.522202231911281e-05    9    2    6    3
 0.0001554602626236692    9    2    6    4
 0.0002428825617154037    9    2    6    5
 0.002289688198434666    9    2    6    6
 1.794722388893681e-05    9    2    7    1
 8.653756321661759e-05    9    2    7    2
 -0.0004429454927053215    9    2    7    3
 3.131420869508104e-05    9    2    7    4
 -3.07262975955978e-05    9    2    7    5
 1.098873546767751e-05    9    2    7    6
 0.001666420835486741    9    2    7    7
 -1.727009735585234e-05    9    2    8    1
 -0.0001919594072083025    9    2    8    2
 8.100500549252591e-05    9    2    8    3
 -6.346206723600532e-05    9    2    8    4
 -0.0001613695088058116    9    2    8    5
 0.0001714694425162944    9    2    8    6
 -4.37384136437359e-05    9    2    8    7
 0.002270540018835638    9    2    8    8
 -2.365076873809837e-05    9    2    9    1
 0.0002865760930750889    9    2    9    2
 -0.003037122692816785    9    3    1    1
 -0.0004668273288518789    9    3    2    1
 -0.003139145175799598    9    3    2    2
 -0.0001065543770018121    9    3    3    1
 0.0004584626240854796    9    3    3    2
 -0.002879260941035619    9    3    3    3
 -0.0004676631799916385    9    3    4    1
 0.000125654193843426    9    3    4    2
 -0.0001425731179173467    9    3    4    3
 -0.003013024567075026    9    3    4    4
 1.97950861650554e-05    9    3    5    1
 0.0002091028036814955    9    3    5    2
 0.0003714640462783892    9    3    5    3
 -0.0002336861256430843    9    3    5    4
 -0.002639905228542636    9    3    5    5
 1.076229020337927e-05    9    3    6    1
 0.0001595608166534567    9    3    6    2
 -0.0004765699844212797    9    3    6    3
 2.894008787551649e-05    9    3    6    4
 -0.0001008091081336916    9    3    6    5
 -0.002120112836892699    9    3    6    6
 1.846230948059489e-05    9    3    7    1
 0.0007484026954053384    9    3    7    2
 0.000266044913075946    9    3    7    3
 -0.001092436824519173    9    3    7    4
 -0.0002744864430555223    9    3    7    5
 0.0003705774042939418    9    3    7    6
 -0.00181356066385754    9    3    7    7
 -0.0003108602321360571    9    3    8    1
 2.239215549959268e-05    9    3    8    2
 0.0009784874034201539    9    3    8    3
 -1.872491058862838e-05    9    3    8    4
 0.0001874416442410517    9    3    8    5
 0.000241418802497619    9    3    8    6
 0.0006838908721726718    9    3    8    7
 -0.002732976325504866    9    3    8    8
 0.0003988688387910931    9    3    9    1
 -3.84652571711897e-05    9    3    9    2
 0.001336046457858831    9    3    9    3
 0.01237305209541095    9    4    1    1
 2.165831631705071e-05    9    4    2    1
 0.01188075236883472    9    4    2    2
 -4.959397093651975e-06    9    4    3    1
 -0.0001413080172093218    9    4    3    2
 0.00905301110543142    9    4    3    3
 4.940318068369548e-05    9    4    4    1
 3.561349288823001e-05    9    4    4    2
 1.038129644771161e-05    9    4    4    3
 0.01254320406709536    9    4    4    4
 1.318644538889998e-05    9    4    5    1
 5.008555897386746e-05    9    4    5    2
 -8.216240815697933e-05    9    4    5    3
 -0.0001412372238086664    9    4    5    4
 0.01058548007958616    9    4    5    5
 -8.025919503599035e-05    9    4    6    1
 -0.0004331750998233109    9    4    6    2
 0.0001242592654432661    9    4    6    3
 0.0004617790874223499    9    4    6    4
 0.0005340268627120742    9    4    6    5
 0.01037471177727906    9    4    6    6
 -6.888631043464513e-05    9    4    7    1
 6.07731387337686e-05    9    4    7    2
 -0.001523613872920428    9    4    7    3
 0.000317628062099135    9    4    7    4
 4.349588026061496e-05    9    4    7    5
 -5.413402574748579e-05    9    4    7    6
 0.008894070834443005    9    4    7    7
 -4.5987350956359e-05    9    4    8    1
 -0.0007449874410386493    9    4    8    2
 0.000124310960187039    9    4    8    3
 7.480666664911597e-05    9    4    8    4
 -0.0005315459297150237    9    4    8    5
 -4.853427859803513e-05    9    4    8    6
 -0.0001288129153218691    9    4    8    7
 0.01169923904648615    9    4    8    8
 -0.0002274213933406743    9    4    9    1
 0.0001902676135126863    9    4    9    2
 -0.0002436415248708505    9    4    9    3
 0.001054610372301681    9    4    9    4
 -0.01002065827584196    9    5    1    1
 8.692288015780175e-05    9    5    2    1
 -0.008969414748853098    9    5    2    2
 0.0001132704781139276    9    5    3    1
 -3.389534452874565e-05    9    5    3    2
 -0.006825974218361302    9    5    3    3
 -1.557106104316812e-05    9    5    4    1
 -0.000157713653431725    9    5    4    2
 9.572946449685291e-06    9    5    4    3
 -0.008772767648382177    9    5    4    4
 -0.0001213074271878277    9    5    5    1
 0.0001722673320269025    9    5    5    2
 -0.0001338586005048441    9    5    5    3
 0.0003276435807460038    9    5    5    4
 -0.00882311638844367    9    5    5    5
 3.314546979149372e-05    9    5    6    1
 0.00032364348991641    9    5    6    2
 7.128814892109189e-06    9    5    6    3
 -0.0002754286492975464    9    5    6    4
 -0.000476018827719972    9    5    6    5
 -0.00576038624889569    9    5    6    6
 -5.345920107324892e-05    9    5    7    1
 -0.0001503489306027897    9    5    7    2
 0.0008296462854841152    9    5    7    3
 -5.440997649044228e-05    9    5    7    4
 5.719077648597325e-05    9    5    7    5
 -5.161469613370415e-05    9    5    7    6
 -0.005549446816389179    9    5    7    7
 8.415674867670869e-05    9    5    8    1
 0.0004133723343021951    9    5    8    2
 -0.0001672529632362801    9    5    8    3
 -1.598187604424703e-05    9    5    8    4
 0.0004259811801850782    9    5    8    5
 0.0001320315973640741    9    5    8    6
 5.570591368902399e-05    9    5    8    7
 -0.006415586862976851    9    5    8    8
 8.117418969585074e-05    9    5    9    1
 -0.0002073760874581081    9    5    9    2
 4.298345675278245e-05    9    5    9    3
 -0.0003851883860408088    9    5    9    4
 0.0005628950263962725    9    5    9    5
 -0.006319427973793645    9    6    1    1
 7.645949633086123e-06    9    6    2    1
 -0.006020246127567865    9    6    2    2
 -7.14220136720892e-05    9    6    3    1
 0.0001407396294671131    9    6    3    2
 -0.006400682785749667    9    6    3    3
 -4.45053301546589e-06    9    6    4    1
 0.0001863460864911965    9    6    4    2
 0.0001851236768239551    9    6    4    3
 -0.00610449851173907    9    6    4    4
 4.084805498560727e-05    9    6    5    1
 0.0002982150465092708    9    6    5    2
 -9.146741676353259e-05    9    6    5    3
 -0.0004911904060981555    9    6    5    4
 -0.005954806573222988    9    6    5    5
 5.078098967355413e-05    9    6    6    1
 0.0002128080624385391    9    6    6    2
 -0.0001999439392353729    9    6    6    3
 0.0004101763798340463    9    6    6    4
 -0.0004017066846056695    9    6    6    5
 -0.01499616115317309    9    6    6    6
 0.0001782943578602828    9    6    7    1
 -0.0002382127378461604    9    6    7    2
 0.0004126976386518604    9    6    7    3
 -0.0001448398507529015    9    6    7    4
 4.110459025476427e-05    9    6    7    5
 0.000718339540511225    9    6    7    6
 -0.01903401555097231    9    6    7    7
 0.0001221588469362768    9    6    8    1
 -8.420705011365296e-06    9    6    8    2
 -0.0002991542778086804    9    6    8    3
 -0.0001292865512238181    9    6    8    4
 6.719276493226413e-05    9    6    8    5
 0.003356938980393835    9    6    8    6
 0.003233701580555376    9    6    8    7
 -0.006548154549923445    9    6    8    8
 4.274592341706213e-05    9    6    9    1
 -0.000301950660612799    9    6    9    2
 -2.835160540293124e-05    9    6    9    3
 0.0002651154530711446    9    6    9    4
 0.0007428422745579959    9    6    9    5
 0.02523276585818427    9    6    9    6
 0.00183901680890209    9    7    1    1
 -0.0003204516348511707    9    7    2    1
 0.00166786195362133    9    7    2    2
 -2.524211788930084e-05    9    7    3    1
 0.0001001615432528433    9    7    3    2
 0.001762567458529481    9    7    3    3
 -0.0003014409237495814    9    7    4    1
 -9.22553196822579e-05    9    7    4    2
 -0.0005303878793685556    9    7    4    3
 0.001689649216595251    9    7    4    4
 -9.81948930008822e-05    9    7    5    1
 -0.0001339311513422319    9    7    5    2
 0.0004904928432144617    9    7    5    3
 0.0001252304983417811    9    7    5    4
 0.001635099138734205    9    7    5    5
 5.248823902876132e-05    9    7    6    1
 3.851960983784809e-05    9    7    6    2
 -0.0004210405791876414    9    7    6    3
 3.227310927371066e-05    9    7    6    4
 7.467207033753185e-07    9    7    6    5
 0.001779407492304993    9    7    6    6
 6.845282685584123e-06    9    7    7    1
 0.0004938502446698997    9    7    7    2
 4.382766390454964e-05    9    7    7    3
 -9.091262426500869e-05    9    7    7    4
 -0.0002537250353401569    9    7    7    5
 0.002064281663875928    9    7    7    6
 0.003555100508357835    9    7    7    7
 -0.0001185350838955458    9    7    8    1
 -0.0001464186781043059    9    7    8    2
 0.0006372170799347833    9    7    8    3
 -7.115828057857178e-05    9    7    8    4
 -3.077877832659953e-05    9    7    8    5
 -0.002779071959020699    9    7    8    6
 -0.002401487700380467    9    7    8    7
 0.006391726559949634    9    7    8    8
 0.0001736048303652734    9    7    9    1
 6.407963777057503e-05    9    7    9    2
 -0.0007070699894002747    9    7    9    3
 9.581766471396675e-05    9    7    9    4
 -8.206294718116167e-05    9    7    9    5
 0.0001129713892882585    9    7    9    6
 0.01745234852201469    9    7    9    7
 0.002492794212638086    9    8    1    1
 3.108570023129024e-05    9    8    2    1
 0.002363843648837155    9    8    2    2
 9.521044416482456e-06    9    8    3    1
 -5.445690469164847e-05    9    8    3    2
 0.002644410184216381    9    8    3    3
 -6.064094678412443e-06    9    8    4    1
 -0.0001910161660295645    9    8    4    2
 -6.0814887362149e-05    9    8    4    3
 0.002415879077119494    9    8    4    4
 -6.885509128640656e-06    9    8    5    1
 -0.000177326964875059    9    8    5    2
 1.254839782629707e-05    9    8    5    3
 0.0001971631199751963    9    8    5    4
 0.00232999455936114    9    8    5    5
 4.135412756720212e-05    9    8    6    1
 0.0001656665887620379    9    8    6    2
 3.656442344967667e-05    9    8    6    3
 -0.0002098421520459992    9    8    6    4
 8.409974862331919e-05    9    8    6    5
 0.002217683981674564    9    8    6    6
 -3.61605027269423e-05    9    8    7    1
 0.0001837890596001846    9    8    7    2
 -0.0006113704845993004    9    8    7    3
 0.0001568825329155886    9    8    7    4
 -2.206773347999075e-05    9    8    7    5
 -0.0005908542951679792    9    8    7    6
 0.01466777968521125    9    8    7    7
 -0.0001720459093915716    9    8    8    1
 3.369435850210739e-05    9    8    8    2
 8.815897245002561e-05    9    8    8    3
 0.0003672541592354196    9    8    8    4
 -0.0004104865353440448    9    8    8    5
 -0.005513536231255529    9    8    8    6
 -0.002166216429590366    9    8    8    7
 0.008662689131760047    9    8    8    8
 -0.0001429374322342424    9    8    9    1
 -0.0003553040693364716    9    8    9    2
 1.078847294948153e-08    9    8    9    3
 9.772517443530026e-05    9    8    9    4
 -0.0004486162667951506    9    8    9    5
 -0.00582133663815724    9    8    9    6
 0.001596013242364709    9    8    9    7
 0.01997513131980288    9    8    9    8
 0.189843789696691    9    9    1    1
 0.000607302057080458    9    9    2    1
 0.1888122218131774    9    9    2    2
 7.020372009750089e-05    9    9    3    1
 -0.001757848036337432    9    9    3    2
 0.1893292506480458    9    9    3    3
 -0.0004435964909827128    9    9    4    1
 -0.002415180559083113    9    9    4    2
 -0.002066783254007303    9    9    4    3
 0.1886467534545299    9    9    4    4
 -0.0003156671398303514    9    9    5    1
 -0.00537335274967225    9    9    5    2
 0.0004065150848559248    9    9    5    3
 0.007342195981778691    9    9    5    4
 0.1809578771731775    9    9    5    5
 -0.002771666893383354    9    9    6    1
 -0.009170603674998504    9    9    6    2
 0.0007691099077399236    9    9    6    3
 0.01011798588344416    9    9    6    4
 0.009394968921815355    9    9    6    5
 0.6081754575631618    9    9    6    6
 -0.0005741426126490343    9    9    7    1
 0.003234897660609318    9    9    7    2
 -0.01893742937654397    9    9    7    3
 0.004372411058421111    9    9    7    4
 -0.0004550297556554971    9    9    7    5
 -0.00180017965622778    9    9    7    6
 0.5777010445578182    9    9    7    7
 -0.002573729901591251    9    9    8    1
 -0.01172325731897605    9    9    8    2
 0.003636424238957957    9    9    8    3
 0.001323689253374117    9    9    8    4
 -0.007668674397651364    9    9    8    5
 -0.008322228279359179    9    9    8    6
 -0.006583819271006632    9    9    8    7
 0.6538135657006555    9    9    8    8
 -0.003691045940999383    9    9    9    1
 0.002758320217737841    9    9    9    2
 -0.002433780403935326    9    9    9    3
 0.01232331955643141    9    9    9    4
 -0.007124166134949968    9    9    9    5
 -0.0178581746243975    9    9    9    6
 0.002111824532238441    9    9    9    7
 0.008734483680048534    9    9    9    8
 0.6950303796919511    9    9    9    9
 -0.005503127741836092   10    1    1    1
 -0.000295214736563398   10    1    2    1
 -0.004533134597707532   10    1    2    2
 1.222127999851475e-05   10    1    3    1
 -0.0001524606371198   10    1    3    2
 -0.003361761829075596   10    1    3    3
 0.0002155271470599526   10    1    4    1
 5.427330218683281e-05   10    1    4    2
 -0.0001702899227368071   10    1    4    3
 -0.004493264772124529   10    1    4    4
 -0.0001412729741877172   10    1    5    1
 9.535402122196805e-07   10    1    5    2
 3.427754368239341e-05   10    1    5    3
 -2.738200251029743e-05   10    1    5    4
 -0.004399127632798649   10    1    5    5
 1.071889371318618e-06   10    1    6    1
 0.0002744756705208586   10    1    6    2
 -4.071814353614767e-05   10    1    6    3
 -0.0003103295073719529   10    1    6    4
 -0.0004054522724392299   10    1    6    5
 -0.004378793248625495   10    1    6    6
 -3.467507295528901e-06   10    1    7    1
 -1.263267192794169e-05   10    1    7    2
 0.0009518597631177979   10    1    7    3
 -0.0001447642511843012   10    1    7    4
 2.36478325893021e-06   10    1    7    5
 3.14045878552322e-06   10    1    7    6
 -0.00333574741839606   10    1    7    7
 9.505423273505275e-07   10    1    8    1
 0.000420459378135789   10    1    8    2
 -5.126628827341494e-05   10    1    8    3
 8.169910030809272e-05   10    1    8    4
 0.0003364025908279189   10    1    8    5
 2.058063590950503e-05   10    1    8    6
 -0.0001335503191140052   10    1    8    7
 -0.004479695666266104   10    1    8    8
 0.0001185849736767256   10    1    9    1
 -0.0002269489231912586   10    1    9    2
 9.567015195108676e-05   10    1    9    3
 -0.0004242544353009826   10    1    9    4
 0.0002569866995129999   10    1    9    5
 1.925368577439798e-05   10    1    9    6
 0.0001680575215903621   10    1    9    7
 -5.005389156785947e-05   10    1    9    8
 -0.004504131476563852   10    1    9    9
 0.0004392466138824497   10    1   10    1
 -0.00302951156678049   10    2    1    1
 2.726408132177551e-05   10    2    2    1
 -0.003000626145828266   10    2    2    2
 3.691678108710255e-05   10    2    3    1
 -0.0001686694608703227   10    2    3    2
 -0.002333244185878381   10    2    3    3
 0.0002396751011860518   10    2    4    1
 0.0002037354094696985   10    2    4    2
 0.0002037605636993128   10    2    4    3
 -0.002817785388673178   10    2    4    4
 3.871649829628438e-06   10    2    5    1
 1.425387592906359e-05   10    2    5    2
 -0.0003111379010756442   10    2    5    3
 -7.988871007119256e-05   10    2    5    4
 -0.002430073206572076   10    2    5    5
 1.115026506135796e-05   10    2    6    1
 5.986073308403701e-05   10    2    6    2
 0.0001316593751303196   10    2    6    3
 -0.0001517661133742459   10    2    6    4
 -0.0001048540694061905   10    2    6    5
 -0.002415726197922558   10    2    6    6
 -1.048448127820519e-05   10    2    7    1
 -0.0003929532385343115   10    2    7    2
 0.0002440484953546895   10    2    7    3
 0.0003516718936347498   10    2    7    4
 0.0001428852112735314   10    2    7    5
 -0.0001317222520284318   10    2    7    6
 -0.002295526122296714   10    2    7    7
 0.0002643608274314288   10    2    8    1
 0.0002169837193400241   10    2    8    2
 -0.0004465134783220267   10    2    8    3
 2.920211082076107e-06   10    2    8    4
 7.482500792646374e-05   10    2    8    5
 0.0001842808350660439   10    2    8    6
 -0.0003882441276062491   10    2    8    7
 -0.002553765694756792   10    2    8    8
 -0.0001745424634223945   10    2    9    1
 -4.434826701134437e-05   10    2    9    2
 -0.0003361515350519646   10    2    9    3
 -9.13405256251582e-05   10    2    9    4
 9.670540680566704e-05   10    2    9    5
 -2.452580841247699e-05   10    2    9    6
 0.0001604277131691083   10    2    9    7
 -7.371040110679757e-06   10    2    9    8
 -0.002399831058339992   10    2    9    9
 4.948023993214727e-05   10    2   10    1
 0.0004159813316415101   10    2   10    2
 0.0001309082587938411   10    3    1    1
 9.249664310696586e-05   10    3    2    1
 0.000262476583480725   10    3    2    2
 -0.000201181010672801   10    3    3    1
 2.096479403047713e-05   10    3    3    2
 0.0001096457708171462   10    3    3    3
 7.915759245813226e-05   10    3    4    1
 -1.731664428365283e-05   10    3    4    2
 -5.944396936196931e-05   10    3    4    3
 -1.798728770086507e-05   10    3    4    4
 3.034166341286127e-05   10    3    5    1
 -0.0001598426463640376   10    3    5    2
 -4.311915806183419e-05   10    3    5    3
 -7.954858750165577e-05   10    3    5    4
 3.523800257527184e-05   10    3    5    5
 -5.729761565388038e-06   10    3    6    1
 6.521083879715341e-05   10    3    6    2
 -1.496063381127587e-05   10    3    6    3
 4.384798895945686e-05   10    3    6    4
 5.694029282884314e-06   10    3    6    5
 0.0002155479447891595   10    3    6    6
 4.44629283550003e-05   10    3    7    1
 2.649650486684692e-05   10    3    7    2
 3.690557167969712e-05   10    3    7    3
 -1.475841035503434e-05   10    3    7    4
 -5.96324025801058e-05   10    3    7    5
 -0.0001423186352772419   10    3    7    6
 0.000157452730132335   10    3    7    7
 -1.827472266213673e-05   10    3    8    1
 -5.753407419664658e-05   10    3    8    2
 3.114384194440813e-05   10    3    8    3
 -2.120565544033e-06   10    3    8    4
 -9.184173333708739e-05   10    3    8    5
 -0.0004641719624670952   10    3    8    6
 9.461098787255094e-05   10    3    8    7
 0.0004940901271278312   10    3    8    8
 2.512425425118349e-05   10    3    9    1
 -2.910746928170927e-05   10    3    9    2
 1.539167138083942e-05   10    3    9    3
 -7.901340120675495e-05   10    3    9    4
 9.137222635689135e-05   10    3    9    5
 0.0004967338366581463   10    3    9    6
 0.000108346966442676   10    3    9    7
 -1.270471437832399e-05   10    3    9    8
 -0.000276444958714547   10    3    9    9
 1.515313993611812e-05   10    3   10    1
 -5.568840669440917e-05   10    3   10    2
 0.0003665569978140401   10    3   10    3
 0.003675950681786761   10    4    1    1
 0.0002674408692236638   10    4    2    1
 0.003603933983184452   10    4    2    2
 3.903145054960322e-06   10    4    3    1
 -0.0001018868806368269   10    4    3    2
 0.003059780724787093   10    4    3    3
 -2.831954456718116e-05   10    4    4    1
 -0.0001424570140000409   10    4    4    2
 0.0001608576238236084   10    4    4    3
 0.003747424865753834   10    4    4    4
 4.338370403982166e-05   10    4    5    1
 -9.113102710482479e-05   10    4    5    2
 -0.000200469273327213   10    4    5    3
 0.0001335532113024584   10    4    5    4
 0.003000585578764715   10    4    5    5
 -3.319782973716717e-05   10    4    6    1
 -0.0001189097175741364   10    4    6    2
 0.0001265231812643684   10    4    6    3
 5.837660198545908e-05   10    4    6    4
 8.888175328481596e-05   10    4    6    5
 0.002942574894211033   10    4    6    6
 -2.186063390165671e-05   10    4    7    1
 -0.0002520882647859784   10    4    7    2
 -0.0002043854588061802   10    4    7    3
 0.0004265068035168827   10    4    7    4
 0.000111658551479196   10    4    7    5
 -0.0001435282326136899   10    4    7    6
 0.002850105170844596   10    4    7    7
 0.000130223250822602   10    4    8    1
 -8.43896184031178e-05   10    4    8    2
 -0.000279911723247414   10    4    8    3
 3.339661832546438e-05   10    4    8    4
 -0.000137458630608596   10    4    8    5
 -2.22487845784094e-05   10    4    8    6
 0.0001682994921831701   10    4    8    7
 0.002974699245234955   10    4    8    8
 -0.0002582722640846814   10    4    9    1
 1.1099643377335e-05   10    4    9    2
 -0.0003798000498866595   10    4    9    3
 0.0001878134857896485   10    4    9    4
 -8.341944035535265e-05   10    4    9    5
 -0.0001740413087949245   10    4    9    6
 -0.0004456485881246648   10    4    9    7
 2.004731154922547e-05   10    4    9    8
 0.003163812487730713   10    4    9    9
 -7.62455507308078e-05   10    4   10    1
 4.936386992448004e-05   10    4   10    2
 -4.190272558605734e-05   10    4   10    3
 0.0004070794380745744   10    4   10    4
 -0.003415556206874028   10    5    1    1
 -5.589243585005774e-05   10    5    2    1
 -0.002949917177072963   10    5    2    2
 2.429594719643541e-05   10    5    3    1
 -6.17607838866912e-05   10    5    3    2
 -0.002468630437416058   10    5    3    3
 6.946890635124863e-05   10    5    4    1
 -3.547675823083266e-05   10    5    4    2
 3.588253256567918e-05   10    5    4    3
 -0.002848228123511061   10    5    4    4
 -0.0001313099499671547   10    5    5    1
 5.945371686655965e-05   10    5    5    2
 -6.038522366114716e-05   10    5    5    3
 -7.428418197150523e-05   10    5    5    4
 -0.002807539325582287   10    5    5    5
 1.080170372917452e-05   10    5    6    1
 4.23929788641228e-05   10    5    6    2
 1.452624938477031e-05   10    5    6    3
 -5.363579536189312e-05   10    5    6    4
 -6.939730534095783e-05   10    5    6    5
 -0.002011237159959979   10    5    6    6
 -2.395867415888986e-06   10    5    7    1
 -4.254160712691051e-05   10    5    7    2
 8.031738092723111e-05   10    5    7    3
 3.14037204399216e-05   10    5    7    4
 3.096922116978867e-05   10    5    7    5
 -8.149031399775828e-06   10    5    7    6
 -0.00206319362527186   10    5    7    7
 4.591790738509508e-05   10    5    8    1
 8.859917086558295e-05   10    5    8    2
 -0.0001094953850217242   10    5    8    3
 -3.456290827819553e-05   10    5    8    4
 8.687450005588815e-05   10    5    8    5
 0.0001041625267073984   10    5    8    6
 -5.200293174264567e-05   10    5    8    7
 -0.002159553362920238   10    5    8    8
 -1.090876245397097e-06   10    5    9    1
 3.761202018567674e-06   10    5    9    2
 1.085857239295163e-05   10    5    9    3
 -8.331497410377069e-05   10    5    9    4
 8.8679553214986e-05   10    5    9    5
 0.000116580868086033   10    5    9    6
 3.883550066053443e-05   10    5    9    7
 -5.731807379458404e-05   10    5    9    8
 -0.002188047170438025   10    5    9    9
 3.470305437384557e-06   10    5   10    1
 -4.508254829562569e-06   10    5   10    2
 -9.857198420292475e-06   10    5   10    3
 4.310234849827476e-05   10    5   10    4
 0.0001914639282803616   10    5   10    5
 -0.0004796650969955941   10    6    1    1
 2.025398139379577e-05   10    6    2    1
 -0.0004652953636425625   10    6    2    2
 -6.738901480954253e-06   10    6    3    1
 7.67100163613143e-05   10    6    3    2
 -0.0005410713312093043   10    6    3    3
 -9.131690317323751e-05   10    6    4    1
 6.100867742877791e-06   10    6    4    2
 2.867801118082287e-05   10    6    4    3
 -0.0004787659486724918   10    6    4    4
 -3.961711899549047e-05   10    6    5    1
 3.606388899181661e-05   10    6    5    2
 3.432472172696687e-05   10    6    5    3
 -5.506089136790153e-05   10    6    5    4
 -0.000451670623706365   10    6    5    5
 -0.0001261406839530053   10    6    6    1
 -8.346894749923319e-05   10    6    6    2
 -1.647436123599466e-05   10    6    6    3
 0.000147437173506883   10    6    6    4
 -7.474754738417126e-05   10    6    6    5
 -0.00163135519319793   10    6    6    6
 1.654940739085098e-06   10    6    7    1
 -7.570582167912335e-05   10    6    7    2
 5.165794050392419e-05   10    6    7    3
 -0.0001208343135615196   10    6    7    4
 -1.991370036214999e-05   10    6    7    5
 0.0004213753305658165   10    6    7    6
 -0.002264856202229062   10    6    7    7
 -2.559553684012518e-05   10    6    8    1
 -8.225295089209785e-06   10    6    8    2
 -7.34444109839465e-05   10    6    8    3
 -2.983791819898906e-07   10    6    8    4
 3.42894451310584e-05   10    6    8    5
 0.001462611982124523   10    6    8    6
 0.001577845538876182   10    6    8    7
 -0.0008916696448896739   10    6    8    8
 -5.375353510847902e-06   10    6    9    1
 -8.916782913890032e-06   10    6    9    2
 0.0001423122902888051   10    6    9    3
 9.626387485895776e-06   10    6    9    4
 6.206781004559461e-05   10    6    9    5
 0.001973823120205111   10    6    9    6
 -0.001234944021353846   10    6    9    7
 -0.001401428573064307   10    6    9    8
 -0.001378239990163403   10    6    9    9
 -0.0001266439991768792   10    6   10    1
 -0.0003439186131755442   10    6   10    2
 4.132662057311816e-05   10    6   10    3
 0.0003771081913332026   10    6   10    4
 0.0002362457230051062   10    6   10    5
 0.01452905654323956   10    6   10    6
 0.0002682172464156605   10    7    1    1
 -2.914793499091567e-05   10    7    2    1
 0.0001134280195179438   10    7    2    2
 0.0002268706730576599   10    7    3    1
 -2.163983988597937e-05   10    7    3    2
 0.000283406641525044   10    7    3    3
 -4.428922554531653e-05   10    7    4    1
 1.451959931877619e-05   10    7    4    2
 5.463779896983478e-05   10    7    4    3
 0.0004116039965217728   10    7    4    4
 -9.030583213633959e-06   10    7    5    1
 5.600833019270296e-05   10    7    5    2
 -3.817586839156776e-05   10    7    5    3
 7.285908065667851e-05   10    7    5    4
 0.0002773087457107598   10    7    5    5
 -9.888060414891766e-06   10    7    6    1
 -0.0001405418703549827   10    7    6    2
 0.0001481518672038747   10    7    6    3
 -0.0001330496649247123   10    7    6    4
 -2.550138141612318e-05   10    7    6    5
 -0.0005187152212769926   10    7    6    6
 -0.0001975676884701206   10    7    7    1
 -8.492800685632785e-05   10    7    7    2
 1.157129528809101e-05   10    7    7    3
 7.429718653038434e-05   10    7    7    4
 2.987338622909976e-05   10    7    7    5
 0.0002942847921773274   10    7    7    6
 0.0003353248284064515   10    7    7    7
 -8.405587385827283e-06   10    7    8    1
 -2.366164505078091e-05   10    7    8    2
 0.0001335418846256017   10    7    8    3
 0.0002369683719320845   10    7    8    4
 0.000234053462826885   10    7    8    5
 0.00606589656540726   10    7    8    6
 -0.001973205938583106   10    7    8    7
 -0.006938568878941359   10    7    8    8
 -4.8776967359165e-05   10    7    9    1
 0.0002539533361732288   10    7    9    2
 0.0001360440014663454   10    7    9    3
 -6.942619626885538e-05   10    7    9    4
 -0.0002396993597460699   10    7    9    5
 -0.006035737246532904   10    7    9    6
 -0.002362593230594412   10    7    9    7
 0.0004710709385547934   10    7    9    8
 0.008525126755486216   10    7    9    9
 -2.695841870645754e-05   10    7   10    1
 0.0002065662838619048   10    7   10    2
 -0.001171694284577483   10    7   10    3
 0.0002647096820280974   10    7   10    4
 -3.049383244481222e-05   10    7   10    5
 -0.0003121383866002007   10    7   10    6
 0.02237295206970636   10    7   10    7
 0.0003698643735462087   10    8    1    1
 0.0005093732173617776   10    8    2    1
 0.000630240436917923   10    8    2    2
 -3.224320740785782e-05   10    8    3    1
 -0.0002927983405217804   10    8    3    2
 0.000442596803722408   10    8    3    3
 0.0004519937283443777   10    8    4    1
 3.19961327358067e-05   10    8    4    2
 0.0003803600482922596   10    8    4    3
 0.0005016846755404328   10    8    4    4
 0.0001314712449393393   10    8    5    1
 1.713898025041491e-06   10    8    5    2
 -0.00055332953381792   10    8    5    3
 5.265586627044303e-06   10    8    5    4
 0.0003769982683994456   10    8    5    5
 -6.612773851929371e-05   10    8    6    1
 -4.661168627509202e-05   10    8    6    2
 0.0005499251466163397   10    8    6    3
 -0.0001795281549246869   10    8    6    4
 -2.756825717039538e-06   10    8    6    5
 -0.002423028451702556   10    8    6    6
 8.741409778364796e-05   10    8    7    1
 -0.0004571520068610208   10    8    7    2
 -0.0002180764833359312   10    8    7    3
 0.0004142582956662188   10    8    7    4
 9.298329168284734e-05   10    8    7    5
 -0.008113850139254527   10    8    7    6
 0.002948406376814991   10    8    7    7
 -1.022622406355012e-05   10    8    8    1
 3.313148522448468e-05   10    8    8    2
 -0.0008897455905991672   10    8    8    3
 0.0001401874193527062   10    8    8    4
 -0.0002123830972586942   10    8    8    5
 -0.0003992812171591168   10    8    8    6
 0.002952888191902234   10    8    8    7
 0.0003545323849687178   10    8    8    8
 -0.0002398772773098799   10    8    9    1
 -0.0001163528445230792   10    8    9    2
 6.566286374192177e-05   10    8    9    3
 -2.220524789877601e-05   10    8    9    4
 2.488778532616355e-05   10    8    9    5
 0.001159878211358445   10    8    9    6
 -0.007115128291004403   10    8    9    7
 0.0004300207644980661   10    8    9    8
 -0.0009779062147127885   10    8    9    9
 -0.0002348800464425786   10    8   10    1
 -0.000648119257343638   10    8   10    2
 0.0001991330032573297   10    8   10    3
 0.0004300182554101442   10    8   10    4
 -0.0003584599074355304   10    8   10    5
 0.000797802517450266   10    8   10    6
 -0.001587339599190501   10    8   10    7
 0.02972580305359578   10    8   10    8
 0.0005323102229450607   10    9    1    1
 -0.0006093966144637337   10    9    2    1
 0.0002975666638745621   10    9    2    2
 3.827268923618177e-05   10    9    3    1
 0.0002612348711216481   10    9    3    2
 0.0001815142115614247   10    9    3    3
 -0.0004431786934598364   10    9    4    1
 -6.828974391410783e-05   10    9    4    2
 -0.0004564111115628161   10    9    4    3
 0.0004573792703701857   10    9    4    4
 -1.559853177912941e-05   10    9    5    1
 3.39716784060917e-05   10    9    5    2
 0.0006002097596671054   10    9    5    3
 -2.436215262137165e-05   10    9    5    4
 0.0003418930115734588   10    9    5    5
 -5.174894191494964e-05   10    9    6    1
 0.0001714138021725473   10    9    6    2
 -0.0005154423447209841   10    9    6    3
 6.08294722406589e-05   10    9    6    4
 -4.107161305128783e-05   10    9    6    5
 -0.00424883137433428   10    9    6    6
 -9.530154011132153e-05   10    9    7    1
 0.0003773998057852155   10    9    7    2
 -0.0002193003010485969   10    9    7    3
 -0.0005788586879489688   10    9    7    4
 -0.0001580082941423778   10    9    7    5
 0.007714862116380001   10    9    7    6
 0.00346248479033076   10    9    7    7
 -0.0002655673495827689   10    9    8    1
 1.29488463638401e-05   10    9    8    2
 8.83318023687948e-05   10    9    8    3
 9.277255155178597e-05   10    9    8    4
 2.328339177759698e-05   10    9    8    5
 0.0002489952895838812   10    9    8    6
 0.006817770384640304   10    9    8    7
 -0.001553466513492779   10    9    8    8
 2.238773260902631e-05   10    9    9    1
 -0.0001017063484456661   10    9    9    2
 0.0009509097595094785   10    9    9    3
 -2.358313165951107e-05   10    9    9    4
 -0.0001461833825878056   10    9    9    5
 -0.0001797053014292695   10    9    9    6
 -0.003424399376805213   10    9    9    7
 0.0005568046013016491   10    9    9    8
 -0.0003496932777259942   10    9    9    9
 -0.0002278804229584666   10    9   10    1
 -0.0002398002767984738   10    9   10    2
 -0.000152103371309241   10    9   10    3
 0.0006580178665026365   10    9   10    4
 -0.0003198799316875603   10    9   10    5
 0.00133980596059481   10    9   10    6
 0.001926863802495815   10    9   10    7
 0.001564428303496837   10    9   10    8
 0.02923341973043973   10    9   10    9
 0.190845063416948   10   10    1    1
 0.0006127863640862185   10   10    2    1
 0.1900602512644158   10   10    2    2
 -6.880681964482703e-05   10   10    3    1
 -0.001813359811984108   10   10    3    2
 0.191120621448907   10   10    3    3
 -0.0003707138168391262   10   10    4    1
 -0.002540549162300379   10   10    4    2
 -0.002139909240851328   10   10    4    3
 0.1896612831134967   10   10    4    4
 -0.0003223259639493912   10   10    5    1
 -0.005648359189552661   10   10    5    2
 0.0003634501122201443   10   10    5    3
 0.007569225608432973   10   10    5    4
 0.1822425882741359   10   10    5    5
 -0.003242363872186687   10   10    6    1
 -0.01022032634646619   10   10    6    2
 0.0005940518246889129   10   10    6    3
 0.01137908144732522   10   10    6    4
 0.01063631921626567   10   10    6    5
 0.6736492238125059   10   10    6    6
 -0.000499791951552489   10   10    7    1
 0.003322813537486714   10   10    7    2
 -0.02009632890702726   10   10    7    3
 0.004683745588857268   10   10    7    4
 -0.0004190833498598436   10   10    7    5
 -0.0002044504354563045   10   10    7    6
 0.6148241290082013   10   10    7    7
 -0.002690882213928309   10   10    8    1
 -0.01222949872333915   10   10    8    2
 0.003258714795073707   10   10    8    3
 0.001192295365288023   10   10    8    4
 -0.008266709864397098   10   10    8    5
 -0.02372890988851448   10   10    8    6
 -0.002001193996554912   10   10    8    7
 0.6879541070322023   10   10    8    8
 -0.003606761199618239   10   10    9    1
 0.002614321949186145   10   10    9    2
 -0.002300246833122744   10   10    9    3
 0.012113487408802   10   10    9    4
 -0.006928086326720319   10   10    9    5
 -0.02202776666660756   10   10    9    6
 0.0002766453286788281   10   10    9    7
 0.00550845961891244   10   10    9    8
 0.6901680209503536   10   10    9    9
 -0.005495304535863941   10   10   10    1
 -0.003145933801707183   10   10   10    2
 0.0001193386676753461   10   10   10    3
 0.003814024824724299   10   10   10    4
 -0.002437974259682234   10   10   10    5
 -0.002044681751976262   10   10   10    6
 0.0004936899576959117   10   10   10    7
 6.696351542018147e-05   10   10   10    8
 -0.0007426376128044416   10   10   10    9
 0.8074712712235931   10   10   10   10
 -4.031251540353051    1    1  0  0
 -0.02070629429727535    2    1  0  0
 -3.817761865524718    2    2  0  0
 -0.002265638553982914    3    1  0  0
 0.02344235867057228    3    2  0  0
 -3.504002811023092    3    3  0  0
 -0.01146154461828867    4    1  0  0
 0.05585950516847523    4    2  0  0
 0.02558900532648    4    3  0  0
 -3.814236963528676    4    4  0  0
 0.006633542349001322    5    1  0  0
 0.08155784532442226    5    2  0  0
 -0.003993183185071072    5    3  0  0
 -0.1092979512307541    5    4  0  0
 -3.629923133484159    5    5  0  0
 0.02199677477187071    6    1  0  0
 0.09389703597463313    6    2  0  0
 -0.00677366489813057    6    3  0  0
 -0.1028791236508134    6    4  0  0
 -0.1089280313838515    6    5  0  0
 -3.630033027531093    6    6  0  0
 0.00340450547350736    7    1  0  0
 -0.03098116531266921    7    2  0  0
 0.2197082140210205    7    3  0  0
 -0.0408905770941687    7    4  0  0
 0.004399923012673229    7    5  0  0
 0.005045872230243254    7    6  0  0
 -3.506993372034307    7    7  0  0
 0.01890856016178792    8    1  0  0
 0.09185164119632455    8    2  0  0
 -0.04194763172197072    8    3  0  0
 0.006977907704769363    8    4  0  0
 0.1059326033938436    8    5  0  0
 0.1030446915196763    8    6  0  0
 0.02659909449896727    8    7  0  0
 -3.817614944455322    8    8  0  0
 0.02817286858426745    9    1  0  0
 -0.03989863646084011    9    2  0  0
 0.02934602526607505    9    3  0  0
 -0.09251561578771236    9    4  0  0
 0.09165490055199131    9    5  0  0
 0.09245159759413085    9    6  0  0
 -0.02221759398788352    9    7  0  0
 -0.05542235970334423    9    8  0  0
 -3.818468674259103    9    9  0  0
 0.06191433129844304   10    1  0  0
 0.02355421402551378   10    2  0  0
 -0.0003702532079834355   10    3  0  0
 -0.0270299707561531   10    4  0  0
 0.0234059880183279   10    5  0  0
 0.01125536557050543   10    6  0  0
 -0.002759666925055969   10    7  0  0
 -0.002505053110700864   10    8  0  0
 0.0009409166937581705   10    9  0  0
 -4.035716061156778   10   10  0  0
 -95.54974224310712  0  0  0  0
