 &FCI NORB=  10,NELEC=10,MS2=0,
  ORBSYM=1,1,1,1,1,1,1,1,1,1,
  ISYM=1,
 &END
 0.80684593499588    1    1    1    1
 0.001235436731600625    2    1    1    1
 0.02942783205859424    2    1    2    1
 0.6892359458882683    2    2    1    1
 0.001419389727154134    2    2    2    1
 0.694700478324595    2    2    2    2
 -0.0008535034962016788    3    1    1    1
 -0.001579269129541133    3    1    2    1
 -0.008605765207278886    3    1    2    2
 0.02251069914891888    3    1    3    1
 -0.0003012218382125187    3    2    1    1
 0.003233542107754815    3    2    2    1
 -0.001646514512184932    3    2    2    2
 -0.002344362494405636    3    2    3    1
 0.01724778889986549    3    2    3    2
 0.6140197100352961    3    3    1    1
 0.004856361969790946    3    3    2    1
 0.5779007272051593    3    3    2    2
 -0.0006006814393852463    3    3    3    1
 -0.003092804260011794    3    3    3    2
 0.5472833012327275    3    3    3    3
 -0.0009535325149134563    4    1    1    1
 -0.0015984643506633    4    1    2    1
 0.000478448050172603    4    1    2    2
 -0.001386345089391793    4    1    3    1
 -0.007176456889174463    4    1    3    2
 -0.003034868576638606    4    1    3    3
 0.02945657755060024    4    1    4    1
 -0.005337275415673983    4    2    1    1
 -0.0006787813527366489    4    2    2    1
 -0.008660132795652233    4    2    2    2
 4.333043411977007e-05    4    2    3    1
 0.001337898626474508    4    2    3    2
 -0.01467991879609145    4    2    3    3
 0.0007203765482252569    4    2    4    1
 0.01989490937087879    4    2    4    2
 -0.002376173025115242    4    3    1    1
 0.007131220320577457    4    3    2    1
 -0.005974519150088304    4    3    2    2
 0.00170487813018143    4    3    3    1
 0.002436419081049459    4    3    3    2
 -0.004250557163002174    4    3    3    3
 -0.00314094723754076    4    3    4    1
 0.001958944623221749    4    3    4    2
 0.01725402318449563    4    3    4    3
 0.6875031168324647    4    4    1    1
 -0.0003263479740516391    4    4    2    1
 0.6531168144509389    4    4    2    2
 0.007064789592031462    4    4    3    1
 -0.005545747221285926    4    4    3    2
 0.5770925947350561    4    4    3    3
 -0.001136849100353496    4    4    4    1
 -0.008594853358369556    4    4    4    2
 -0.003135376439348498    4    4    4    3
 0.6916857754513027    4    4    4    4
 -0.0006360023501308915    5    1    1    1
 0.0009779139174557507    5    1    2    1
 -0.0004500382453857753    5    1    2    2
 0.0004620506869879913    5    1    3    1
 0.001145111102951791    5    1    3    2
 -0.001057340420999698    5    1    3    3
 -0.001069514073345758    5    1    4    1
 0.001074839925079515    5    1    4    2
 0.001426979044650039    5    1    4    3
 0.0002641183511811129    5    1    4    4
 0.0143660037882644    5    1    5    1
 -0.02348621642880469    5    2    1    1
 -9.482766839252968e-05    5    2    2    1
 -0.019658293354661    5    2    2    2
 0.006059620764062879    5    2    3    1
 -7.441192442040851e-05    5    2    3    2
 -0.0208132142411868    5    2    3    3
 -0.0009584053700101328    5    2    4    1
 0.005731253631819687    5    2    4    2
 0.003331175165243256    5    2    4    3
 -0.008204122675202244    5    2    4    4
 0.001749636066639366    5    2    5    1
 0.02557163409103015    5    2    5    2
 4.268736138880996e-05    5    3    1    1
 -0.007604310720817013    5    3    2    1
 0.001548020306852708    5    3    2    2
 0.0002132617170707762    5    3    3    1
 0.002294091828159812    5    3    3    2
 0.0004988514985283087    5    3    3    3
 -0.00820866007971168    5    3    4    1
 -0.0007692443278934552    5    3    4    2
 -0.002531656188748458    5    3    4    3
 0.0006717796975553716    5    3    4    4
 -6.770267973798608e-05    5    3    5    1
 -0.0008266588442259457    5    3    5    2
 0.02238907364044326    5    3    5    3
 0.02170636839361262    5    4    1    1
 -1.237551049331021e-05    5    4    2    1
 0.006320695435155722    5    4    2    2
 0.00622384658715032    5    4    3    1
 -0.002629466363370462    5    4    3    2
 0.01970495669717209    5    4    3    3
 -0.0003723860315666279    5    4    4    1
 -0.005551476519798076    5    4    4    2
 -0.0004387123753353538    5    4    4    3
 0.01798760391960849    5    4    4    4
 -0.001023132872331878    5    4    5    1
 -0.003362244551192802    5    4    5    2
 -0.0004466306785306588    5    4    5    3
 0.0253788826625766    5    4    5    4
 0.674075378675249    5    5    1    1
 -0.002360822033177185    5    5    2    1
 0.6082812639190894    5    5    2    2
 -0.0004174121027113278    5    5    3    1
 -0.001197391225119848    5    5    3    2
 0.5393118197163399    5    5    3    3
 0.001028156363888563    5    5    4    1
 -0.002134934668898898    5    5    4    2
 -0.00295183309137211    5    5    4    3
 0.6069357325663605    5    5    4    4
 -0.0005202268665410295    5    5    5    1
 -0.01683467975375302    5    5    5    2
 0.0009214330598013726    5    5    5    3
 0.01520273868716951    5    5    5    4
 0.6180290457990871    5    5    5    5
 -0.002144080955048959    6    1    1    1
 -0.000348792569895411    6    1    2    1
 -0.00195011963323315    6    1    2    2
 5.951954115377795e-05    6    1    3    1
 -5.418213510934383e-05    6    1    3    2
 -0.001851346784030948    6    1    3    3
 0.0003230661419366322    6    1    4    1
 5.297292578214561e-05    6    1    4    2
 -3.679946059520914e-05    6    1    4    3
 -0.00189340853770904    6    1    4    4
 0.0002383655942390365    6    1    5    1
 0.0001296974347645791    6    1    5    2
 -9.562289880141164e-06    6    1    5    3
 -6.873431036240676e-05    6    1    5    4
 -0.001791451694878474    6    1    5    5
 0.0001824550987904988    6    1    6    1
 -0.00794956247950619    6    2    1    1
 -0.0001433978334683656    6    2    2    1
 -0.008189505449710113    6    2    2    2
 0.0002492908595794738    6    2    3    1
 8.96267041499527e-05    6    2    3    2
 -0.006312900384584082    6    2    3    3
 -2.681691680688661e-05    6    2    4    1
 0.0004249901990263053    6    2    4    2
 6.55035514341619e-05    6    2    4    3
 -0.007390438141198058    6    2    4    4
 4.90877588768545e-05    6    2    5    1
 0.0007863684046786031    6    2    5    2
 4.281776300834089e-05    6    2    5    3
 -9.727159832776273e-05    6    2    5    4
 -0.006675374829282014    6    2    5    5
 7.198098804422314e-05    6    2    6    1
 0.0006590182686735615    6    2    6    2
 0.0008987601355279929    6    3    1    1
 0.0001466352078014028    6    3    2    1
 0.0009340338065199171    6    3    2    2
 4.201255040317808e-05    6    3    3    1
 -0.0002859980675977502    6    3    3    2
 0.0007727939153234967    6    3    3    3
 0.0001056556520966275    6    3    4    1
 -3.971224994092459e-05    6    3    4    2
 0.0002802010516781162    6    3    4    3
 0.0008352895239045725    6    3    4    4
 5.45147181501281e-06    6    3    5    1
 -6.610219941174514e-05    6    3    5    2
 0.0002005141062824446    6    3    5    3
 9.377028675567433e-06    6    3    5    4
 0.0007904757086826775    6    3    5    5
 -1.280845134901318e-05    6    3    6    1
 -6.519917732558177e-05    6    3    6    2
 0.0006908509445414659    6    3    6    3
 0.007229227212511296    6    4    1    1
 3.77458262760711e-06    6    4    2    1
 0.006683670154532367    6    4    2    2
 0.0002278575910894526    6    4    3    1
 5.026727130061093e-06    6    4    3    2
 0.005746210711789317    6    4    3    3
 -0.0002226622049245424    6    4    4    1
 -0.0004403091158681443    6    4    4    2
 -6.70122900238046e-05    6    4    4    3
 0.007430566591361132    6    4    4    4
 -9.447933804145755e-06    6    4    5    1
 -9.423148698352402e-05    6    4    5    2
 0.0001150432841527485    6    4    5    3
 0.0007518831219149595    6    4    5    4
 0.006046068023666035    6    4    5    5
 -6.570515999769884e-05    6    4    6    1
 -0.0004210356525365656    6    4    6    2
 -4.14736282401663e-05    6    4    6    3
 0.0006101174211411262    6    4    6    4
 0.01087602710006649    6    5    1    1
 -1.646364298704901e-05    6    5    2    1
 0.009624585412133064    6    5    2    2
 -1.410996753206695e-05    6    5    3    1
 1.269580279293902e-05    6    5    3    2
 0.007733574790480808    6    5    3    3
 -2.997259855976385e-05    6    5    4    1
 -8.515653290024464e-05    6    5    4    2
 -3.32016142104138e-05    6    5    4    3
 0.009565917586007834    6    5    4    4
 -5.050560288905491e-05    6    5    5    1
 -0.0004957657319690615    6    5    5    2
 7.182887647426238e-05    6    5    5    3
 0.0004154698648447788    6    5    5    4
 0.009489651124254079    6    5    5    5
 -4.544231782132785e-05    6    5    6    1
 -0.0005442559773146415    6    5    6    2
 5.511097900141224e-05    6    5    6    3
 0.0005058053120002121    6    5    6    4
 0.0007842970610694654    6    5    6    5
 0.1821056834704297    6    6    1    1
 0.0003728663440422929    6    6    2    1
 0.1807802174758771    6    6    2    2
 -0.0002945113157889774    6    6    3    1
 -0.001396829437506797    6    6    3    2
 0.1820906520814449    6    6    3    3
 -0.0004139691346550608    6    6    4    1
 -0.002256442317507606    6    6    4    2
 -0.002136438255118133    6    6    4    3
 0.1808917299295535    6    6    4    4
 -0.0001100275144094846    6    6    5    1
 -0.006381197776456336    6    6    5    2
 0.0005687368844503303    6    6    5    3
 0.006188560876866265    6    6    5    4
 0.1740596598203606    6    6    5    5
 -0.002386967408340746    6    6    6    1
 -0.009915878307411771    6    6    6    2
 0.0007734630792290775    6    6    6    3
 0.009105679637345132    6    6    6    4
 0.009400954213577855    6    6    6    5
 0.6179817380421752    6    6    6    6
 -0.0001389443630380633    7    1    1    1
 0.0001498393438979259    7    1    2    1
 0.0002497705147222742    7    1    2    2
 -0.001182948513281407    7    1    3    1
 8.251553349771282e-05    7    1    3    2
 -0.0001595028959566766    7    1    3    3
 0.0002267368065379654    7    1    4    1
 -1.927461025637546e-08    7    1    4    2
 -7.360353528286231e-05    7    1    4    3
 -0.0005443238817814222    7    1    4    4
 -5.776552862100035e-05    7    1    5    1
 -0.0004977191279632378    7    1    5    2
 -0.0001609496399233319    7    1    5    3
 -0.0004865148852751785    7    1    5    4
 -0.0001809420815453408    7    1    5    5
 3.154962701258838e-06    7    1    6    1
 -9.533024902153774e-05    7    1    6    2
 -4.675593678889951e-05    7    1    6    3
 -9.612468272917517e-05    7    1    6    4
 5.17727378416036e-06    7    1    6    5
 -8.818999121569103e-05    7    1    6    6
 0.0003667330189211992    7    1    7    1
 0.002082378441259228    7    2    1    1
 -0.0009479359818184154    7    2    2    1
 0.002110355969528799    7    2    2    2
 0.0001255994556564996    7    2    3    1
 -0.0006498665235839034    7    2    3    2
 0.001587084083485935    7    2    3    3
 3.290175357739452e-06    7    2    4    1
 1.332082996419663e-05    7    2    4    2
 -0.0006586197575138154    7    2    4    3
 0.002483105303571913    7    2    4    4
 -0.0001113527260394942    7    2    5    1
 1.406600223427785e-05    7    2    5    2
 0.0003745142222730324    7    2    5    3
 0.0002266085395664235    7    2    5    4
 0.001877153686675897    7    2    5    5
 -5.753827375953853e-05    7    2    6    1
 -5.420177043812572e-05    7    2    6    2
 -0.0002719266884920024    7    2    6    3
 0.0001771107556594059    7    2    6    4
 9.578686947449724e-05    7    2    6    5
 0.002343038532346281    7    2    6    6
 -3.177271597132074e-05    7    2    7    1
 0.001400701424697268    7    2    7    2
 -0.02016526731708175    7    3    1    1
 -0.0002684195208169187    7    3    2    1
 -0.01908022732327023    7    3    2    2
 -2.56904024000657e-06    7    3    3    1
 -5.38659078466709e-05    7    3    3    2
 -0.015461390528378    7    3    3    3
 0.0002091959414393771    7    3    4    1
 0.0006278079343494228    7    3    4    2
 -7.468730860340096e-05    7    3    4    3
 -0.01903045744502982    7    3    4    4
 2.239441370392673e-05    7    3    5    1
 0.0004775314951817498    7    3    5    2
 3.652959639967709e-05    7    3    5    3
 -0.0004553691292267461    7    3    5    4
 -0.01701968217710592    7    3    5    5
 3.642584199392123e-05    7    3    6    1
 0.0009670329346857919    7    3    6    2
 -0.000131511352749756    7    3    6    3
 -0.0008816974267214801    7    3    6    4
 -0.001120011099837409    7    3    6    5
 -0.01689428837763616    7    3    6    6
 -2.99160447714526e-05    7    3    7    1
 -0.0002279321337138535    7    3    7    2
 0.004036799789831117    7    3    7    3
 0.003516913921586496    7    4    1    1
 7.490024310098364e-06    7    4    2    1
 0.003838921610335353    7    4    2    2
 -0.0001043109241284438    7    4    3    1
 -0.0006549835698946588    7    4    3    2
 0.002831018261431848    7    4    3    3
 0.0009063653543326348    7    4    4    1
 -5.86790331232837e-05    7    4    4    2
 -0.0006680660311066237    7    4    4    3
 0.003586741863083997    7    4    4    4
 -8.597100004423239e-05    7    4    5    1
 -0.0003136063396583045    7    4    5    2
 -0.0003484059871099817    7    4    5    3
 -1.111093403666242e-05    7    4    5    4
 0.003102737001471177    7    4    5    5
 -5.085336364340074e-05    7    4    6    1
 -0.0001843656292411004    7    4    6    2
 0.0002958231307479368    7    4    6    3
 3.333739623569651e-05    7    4    6    4
 0.0001716774968481874    7    4    6    5
 0.004235230550600685    7    4    6    6
 1.208317147248266e-05    7    4    7    1
 -0.0009821662445266442    7    4    7    2
 -0.0004686357148659398    7    4    7    3
 0.001419533183432411    7    4    7    4
 -0.0008586265288604908    7    5    1    1
 0.0005215226814218151    7    5    2    1
 -0.001000069592704744    7    5    2    2
 0.0001724603899029937    7    5    3    1
 -0.00045720662802954    7    5    3    2
 -0.0005022471259869679    7    5    3    3
 0.000561741074345203    7    5    4    1
 3.717236884430512e-05    7    5    4    2
 0.0004378341922037776    7    5    4    3
 -0.0006630111205662671    7    5    4    4
 -5.185648532646834e-06    7    5    5    1
 0.0002055802756653836    7    5    5    2
 -0.001415254559817151    7    5    5    3
 0.0002686531772145826    7    5    5    4
 -0.0008466637934466139    7    5    5    5
 6.44701368970003e-06    7    5    6    1
 1.499320021080978e-05    7    5    6    2
 0.0001686875554723118    7    5    6    3
 -9.841389510559061e-05    7    5    6    4
 -6.286611096217406e-05    7    5    6    5
 -0.0008844660892133722    7    5    6    6
 7.052254261605259e-06    7    5    7    1
 -0.0004979735177715119    7    5    7    2
 0.0001460508110812684    7    5    7    3
 0.0004640103243129455    7    5    7    4
 0.0007044786097735881    7    5    7    5
 -0.0006309533560364071    7    6    1    1
 -0.000578639263332334    7    6    2    1
 -0.000687339575646825    7    6    2    2
 -6.391671076103456e-05    7    6    3    1
 0.0005580183117387361    7    6    3    2
 -0.0008082057147302642    7    6    3    3
 -0.0005784758308962394    7    6    4    1
 1.054263017239997e-05    7    6    4    2
 -0.0005050602857301727    7    6    4    3
 -0.0005313219039374573    7    6    4    4
 -3.351525381376809e-06    7    6    5    1
 0.0001156362000295501    7    6    5    2
 0.0006585226592177772    7    6    5    3
 -3.113590581077599e-05    7    6    5    4
 -0.000563739056896189    7    6    5    5
 2.118817999976987e-05    7    6    6    1
 9.972722255089571e-05    7    6    6    2
 -0.00140408682285441    7    6    6    3
 0.000269837554788415    7    6    6    4
 -7.289764447916561e-05    7    6    6    5
 -0.001132203058542911    7    6    6    6
 -6.180435594040685e-05    7    6    7    1
 0.000362992715594674    7    6    7    2
 -4.034069366974245e-05    7    6    7    3
 -0.0003999791822214707    7    6    7    4
 0.0001976708475774054    7    6    7    5
 0.02238676330240095    7    6    7    6
 0.1911773496125853    7    7    1    1
 0.0002353345063357858    7    7    2    1
 0.1893439247420367    7    7    2    2
 -0.000322893060670046    7    7    3    1
 -0.00149995410760957    7    7    3    2
 0.19193373753959    7    7    3    3
 -0.0004864556218936642    7    7    4    1
 -0.002568114007358118    7    7    4    2
 -0.002515429781359298    7    7    4    3
 0.1894838085802861    7    7    4    4
 -0.0001686963414636735    7    7    5    1
 -0.006875521020038882    7    7    5    2
 0.0007817869841747165    7    7    5    3
 0.006671948544510827    7    7    5    4
 0.1823175755009864    7    7    5    5
 -0.002162906068781749    7    7    6    1
 -0.007659737261472753    7    7    6    2
 0.0004651237883712443    7    7    6    3
 0.006997732272493954    7    7    6    4
 0.00766639483428174    7    7    6    5
 0.5394954652082501    7    7    6    6
 -0.000130393255084867    7    7    7    1
 0.002583317931008478    7    7    7    2
 -0.01534867449414246    7    7    7    3
 0.004116716581389134    7    7    7    4
 -0.0008552150898142034    7    7    7    5
 -0.0007882550822868698    7    7    7    6
 0.5478163881693839    7    7    7    7
 -0.002855538699749931    8    1    1    1
 -0.0006360418486856061    8    1    2    1
 -0.002386754161796251    8    1    2    2
 0.0002989931770926381    8    1    3    1
 -0.0004142704554926005    8    1    3    2
 -0.002119908162523463    8    1    3    3
 0.0002844880414123114    8    1    4    1
 2.59465888650932e-05    8    1    4    2
 -0.0001408761936662382    8    1    4    3
 -0.00218853715507998    8    1    4    4
 -0.0003333890241812997    8    1    5    1
 0.0001566409089829729    8    1    5    2
 -0.0001457714038856385    8    1    5    3
 2.632728489386914e-05    8    1    5    4
 -0.002214469331125099    8    1    5    5
 -2.534749403414382e-05    8    1    6    1
 7.266364174790446e-05    8    1    6    2
 0.0001278721026612613    8    1    6    3
 -0.000112946177149128    8    1    6    4
 -7.452154365914711e-05    8    1    6    5
 -0.002252399388097003    8    1    6    6
 -2.857020227028302e-05    8    1    7    1
 -0.00043321204688911    8    1    7    2
 0.0001609484628345926    8    1    7    3
 0.0003371166230506341    8    1    7    4
 0.0001516106797116208    8    1    7    5
 -0.0002516833528053083    8    1    7    6
 -0.002334714182952661    8    1    7    7
 0.0004212225754136742    8    1    8    1
 -0.01229187978341247    8    2    1    1
 2.022969865385042e-05    8    2    2    1
 -0.01248943026129997    8    2    2    2
 -2.322593882304141e-05    8    2    3    1
 6.46262659041781e-05    8    2    3    2
 -0.008939081778102324    8    2    3    3
 -1.714427201343256e-05    8    2    4    1
 -6.422020243605266e-06    8    2    4    2
 0.0001186637185490279    8    2    4    3
 -0.01178585694235116    8    2    4    4
 -2.725609904631617e-05    8    2    5    1
 -0.0002096853414393568    8    2    5    2
 -6.878307103333488e-05    8    2    5    3
 3.252780937224315e-05    8    2    5    4
 -0.01052645411525353    8    2    5    5
 6.265691768573368e-05    8    2    6    1
 0.000469267745188348    8    2    6    2
 2.158300412621694e-05    8    2    6    3
 -0.0004556937144964636    8    2    6    4
 -0.0005510028492508326    8    2    6    5
 -0.01045369051849159    8    2    6    6
 -6.973496088659152e-05    8    2    7    1
 -0.0002410494905757338    8    2    7    2
 0.001540195384676297    8    2    7    3
 -0.0001268714186236718    8    2    7    4
 0.0001542934850430439    8    2    7    5
 -9.227615242746687e-05    8    2    7    6
 -0.008977276659766564    8    2    7    7
 0.0001671237407892341    8    2    8    1
 0.001074870071391222    8    2    8    2
 0.005164456525935582    8    3    1    1
 -0.0005013065989945627    8    3    2    1
 0.00480300705004331    8    3    2    2
 -8.024992862983558e-05    8    3    3    1
 6.86482042480709e-05    8    3    3    2
 0.004213616486397559    8    3    3    3
 -0.0003690612052189311    8    3    4    1
 -0.0001909965769637896    8    3    4    2
 -0.0005270828829808497    8    3    4    3
 0.004955246265507906    8    3    4    4
 -0.0001004685957517831    8    3    5    1
 -0.000212353162727834    8    3    5    2
 0.000376272134089344    8    3    5    3
 0.0002381256152009454    8    3    5    4
 0.004354423391762704    8    3    5    5
 -1.691922373398257e-05    8    3    6    1
 -0.0001013168709108199    8    3    6    2
 -0.0004460135968676486    8    3    6    3
 0.0002723863308912616    8    3    6    4
 0.0001772090113100124    8    3    6    5
 0.003154467137258493    8    3    6    6
 -2.359381334609118e-05    8    3    7    1
 0.001010080794829422    8    3    7    2
 -0.0004759615803152992    8    3    7    3
 -0.0007536145415594418    8    3    7    4
 -0.0002874618158152511    8    3    7    5
 0.0003430686069337186    8    3    7    6
 0.002857522397935135    8    3    7    7
 -0.000429936997888322    8    3    8    1
 -0.0003444605312409561    8    3    8    2
 0.001343819948496366    8    3    8    3
 -0.001953034929871518    8    4    1    1
 0.0001098975211097454    8    4    2    1
 -0.001659222736730867    8    4    2    2
 -0.0002606925372748394    8    4    3    1
 8.976120926117109e-05    8    4    3    2
 -0.001244386644599096    8    4    3    3
 -0.0001190227119413691    8    4    4    1
 -0.0003449243127773625    8    4    4    2
 0.0001221983061133788    8    4    4    3
 -0.002096156603197712    8    4    4    4
 -1.874298987960055e-06    8    4    5    1
 -0.0001353798172770095    8    4    5    2
 2.855185143437541e-05    8    4    5    3
 -0.0003175743777318968    8    4    5    4
 -0.001715619566927613    8    4    5    5
 -1.792597451504426e-05    8    4    6    1
 0.000117940600140586    8    4    6    2
 7.713376523098743e-06    8    4    6    3
 -0.0001837279915505851    8    4    6    4
 -0.0002083245423777531    8    4    6    5
 -0.001764452177678157    8    4    6    6
 1.640529079540444e-05    8    4    7    1
 -1.476328012933893e-05    8    4    7    2
 0.000344916401633589    8    4    7    3
 -9.663537947034584e-05    8    4    7    4
 -1.88009163740505e-05    8    4    7    5
 -1.103745171093426e-05    8    4    7    6
 -0.001261686401569447    8    4    7    7
 1.50142959554156e-06    8    4    8    1
 0.0001387969119525929    8    4    8    2
 -7.656915720331938e-05    8    4    8    3
 0.00026263165342204    8    4    8    4
 -0.01021881185617446    8    5    1    1
 -0.0001287150144999693    8    5    2    1
 -0.009037621409758872    8    5    2    2
 -0.0001415720171614716    8    5    3    1
 3.100634295246964e-05    8    5    3    2
 -0.00695803480708954    8    5    3    3
 -0.0001641803277963844    8    5    4    1
 -0.0001789681280858133    8    5    4    2
 -8.602888180172671e-05    8    5    4    3
 -0.009116337825690284    8    5    4    4
 -0.0001264714133524951    8    5    5    1
 -0.0003819529338751477    8    5    5    2
 0.0002767670005340203    8    5    5    3
 -0.0001553788854215362    8    5    5    4
 -0.009060520913432887    8    5    5    5
 3.040394632778091e-05    8    5    6    1
 0.0002844838716913382    8    5    6    2
 -9.34400170434418e-05    8    5    6    3
 -0.0003293195301478415    8    5    6    4
 -0.0005068615757896488    8    5    6    5
 -0.006056559685568623    8    5    6    6
 5.132548037127032e-05    8    5    7    1
 7.214390337617308e-05    8    5    7    2
 0.0008903662000459317    8    5    7    3
 -0.0002819020269432977    8    5    7    4
 -3.233280082980776e-05    8    5    7    5
 0.0001165450877826277    8    5    7    6
 -0.005735975549150832    8    5    7    7
 1.727099866284877e-05    8    5    8    1
 0.0004158498839909062    8    5    8    2
 -3.574197851367529e-05    8    5    8    3
 0.0001894644490710299    8    5    8    4
 0.0006117783090334678    8    5    8    5
 -0.006244936445536071    8    6    1    1
 1.790459467017846e-05    8    6    2    1
 -0.006030182688202636    8    6    2    2
 7.416427787271044e-05    8    6    3    1
 9.419864526005144e-05    8    6    3    2
 -0.006312369750024676    8    6    3    3
 -1.6198808609718e-06    8    6    4    1
 0.0001733622178587227    8    6    4    2
 0.0001920107487600367    8    6    4    3
 -0.005959400960325979    8    6    4    4
 2.561577520677568e-05    8    6    5    1
 0.0004603976881574618    8    6    5    2
 -1.716221996854271e-05    8    6    5    3
 -0.0003252694958063045    8    6    5    4
 -0.005854055532695811    8    6    5    5
 6.639506929352417e-05    8    6    6    1
 -0.0003851524368457557    8    6    6    2
 0.0002663273606291674    8    6    6    3
 -0.0001629170651881854    8    6    6    4
 -0.000408195209459273    8    6    6    5
 -0.01462189737993157    8    6    6    6
 -9.835642228492773e-05    8    6    7    1
 -0.0001819257343279186    8    6    7    2
 0.0004486887915273963    8    6    7    3
 -0.000215611484045876    8    6    7    4
 6.617406459276041e-06    8    6    7    5
 -0.0004317613288067536    8    6    7    6
 -0.01901125450125925    8    6    7    7
 7.198219352393486e-05    8    6    8    1
 -0.0002399695574733757    8    6    8    2
 2.62501029377083e-05    8    6    8    3
 0.0003075682115583826    8    6    8    4
 0.0007431833183750702    8    6    8    5
 0.0251951303212017    8    6    8    6
 -0.00222937941712142    8    7    1    1
 -0.0003535589424446779    8    7    2    1
 -0.002169030405292613    8    7    2    2
 -5.416626612279142e-05    8    7    3    1
 0.0004889186264560448    8    7    3    2
 -0.00243585282028351    8    7    3    3
 -0.0003039349914539937    8    7    4    1
 6.11235910720057e-05    8    7    4    2
 -0.0001415766930094991    8    7    4    3
 -0.002160005118487902    8    7    4    4
 4.749469607959464e-05    8    7    5    1
 0.0002075587771768106    8    7    5    2
 0.0004815560187580054    8    7    5    3
 -0.0002057716586765153    8    7    5    4
 -0.002043215235291899    8    7    5    5
 -4.26904145306203e-07    8    7    6    1
 -1.976844602260365e-05    8    7    6    2
 -0.0004155457900216423    8    7    6    3
 9.224813038085268e-05    8    7    6    4
 -3.140522830230954e-05    8    7    6    5
 -0.002979472092709542    8    7    6    6
 3.425740775334625e-05    8    7    7    1
 5.051259215383411e-05    8    7    7    2
 -6.933947665880068e-05    8    7    7    3
 -0.0005203650746656498    8    7    7    4
 -0.0002783692395322449    8    7    7    5
 0.002359917999747385    8    7    7    6
 -0.00429555415838828    8    7    7    7
 -0.0001614779774749575    8    7    8    1
 -3.282368160124132e-06    8    7    8    2
 -0.0007155765994579996    8    7    8    3
 0.0001281174264959337    8    7    8    4
 5.217172243621296e-05    8    7    8    5
 0.0001624408277383582    8    7    8    6
 0.01748635801979669    8    7    8    7
 0.1899067939380823    8    8    1    1
 0.0005105786326338213    8    8    2    1
 0.1888877815930442    8    8    2    2
 -0.0004608132155213559    8    8    3    1
 -0.001458346679605446    8    8    3    2
 0.1893817665496535    8    8    3    3
 -0.000499059878333816    8    8    4    1
 -0.00230448432915199    8    8    4    2
 -0.002267177581681756    8    8    4    3
 0.1887261814857546    8    8    4    4
 -0.0001284967236528272    8    8    5    1
 -0.00660031405092795    8    8    5    2
 0.0005720753457822365    8    8    5    3
 0.00630989418674802    8    8    5    4
 0.1810238260596167    8    8    5    5
 -0.002475246189824342    8    8    6    1
 -0.009944561721383771    8    8    6    2
 0.0005583580506344408    8    8    6    3
 0.009208506223320671    8    8    6    4
 0.009487909763983976    8    8    6    5
 0.6075866890490541    8    8    6    6
 2.265680880655707e-05    8    8    7    1
 0.002623893060320435    8    8    7    2
 -0.01887007931595337    8    8    7    3
 0.004799839646000746    8    8    7    4
 -0.0009359911495311707    8    8    7    5
 -0.0003302766834524561    8    8    7    6
 0.5772040946402127    8    8    7    7
 -0.002840259144645679    8    8    8    1
 -0.01240341332388245    8    8    8    2
 0.003697826205571109    8    8    8    3
 -0.002137662852669707    8    8    8    4
 -0.007453579407035842    8    8    8    5
 -0.01748420992991999    8    8    8    6
 -0.003094941408590321    8    8    8    7
 0.6927862004141212    8    8    8    8
 -0.003280602632803752    9    1    1    1
 -0.000416864561901184    9    1    2    1
 -0.002551353562610926    9    1    2    2
 -0.0001600428681834757    9    1    3    1
 -0.0002072278332472523    9    1    3    2
 -0.002488550958767272    9    1    3    3
 0.0007037423227388126    9    1    4    1
 2.8115330749207e-05    9    1    4    2
 -0.0004079173311388998    9    1    4    3
 -0.002668280407840342    9    1    4    4
 -0.0003959820736305285    9    1    5    1
 1.604707243445425e-06    9    1    5    2
 0.000116389958543411    9    1    5    3
 -0.0001816436589265945    9    1    5    4
 -0.002538420645188728    9    1    5    5
 -3.756851080426573e-05    9    1    6    1
 0.0001040376923295281    9    1    6    2
 -0.0001302281243908602    9    1    6    3
 -5.562411237095124e-05    9    1    6    4
 -9.38509433513915e-05    9    1    6    5
 -0.002625811496864164    9    1    6    6
 3.727361426791043e-05    9    1    7    1
 0.0002896235860017195    9    1    7    2
 0.000207641433223284    9    1    7    3
 -0.0003847086391334887    9    1    7    4
 -0.0001098091382918789    9    1    7    5
 0.0002708369153963213    9    1    7    6
 -0.002586002863143306    9    1    7    7
 -5.417844208922593e-05    9    1    8    1
 8.438936009830413e-05    9    1    8    2
 0.0002410304355596633    9    1    8    3
 2.950664447082675e-05    9    1    8    4
 0.0001355742946598867    9    1    8    5
 7.283983671602987e-05    9    1    8    6
 0.0001300756362769379    9    1    8    7
 -0.003064727367446615    9    1    8    8
 0.000383285355313481    9    1    9    1
 -0.0006534054036516875    9    2    1    1
 -0.0001168391602557734    9    2    2    1
 -0.0005513984518698817    9    2    2    2
 -0.0002414583989649435    9    2    3    1
 -4.770765398414416e-05    9    2    3    2
 -0.0007418340646128169    9    2    3    3
 0.0001048235128452393    9    2    4    1
 0.0003929235046822332    9    2    4    2
 -3.555625099403048e-05    9    2    4    3
 -0.0008320539051637496    9    2    4    4
 -2.06868216314487e-05    9    2    5    1
 -0.0002936806834486919    9    2    5    2
 -4.605655324399788e-06    9    2    5    3
 -0.0001776040262108756    9    2    5    4
 -0.0004905071295806608    9    2    5    5
 3.290561207766938e-05    9    2    6    1
 -8.349701684164438e-05    9    2    6    2
 2.113704164021622e-05    9    2    6    3
 8.002751364831307e-06    9    2    6    4
 8.768284178184009e-05    9    2    6    5
 -0.0005623678164230972    9    2    6    6
 1.142218230295792e-05    9    2    7    1
 1.890913635979965e-05    9    2    7    2
 -3.674830204033757e-05    9    2    7    3
 2.253630819767837e-06    9    2    7    4
 -1.402996372993614e-05    9    2    7    5
 -8.974981679199287e-06    9    2    7    6
 -0.0008068295359012629    9    2    7    7
 1.198604547911053e-05    9    2    8    1
 2.885391580393935e-05    9    2    8    2
 -1.373299263033592e-06    9    2    8    3
 -7.624473496170761e-05    9    2    8    4
 -1.138387235523586e-05    9    2    8    5
 0.0001822628195120817    9    2    8    6
 -5.160916762657784e-05    9    2    8    7
 -0.0009175603100550645    9    2    8    8
 1.006188896775691e-05    9    2    9    1
 0.000220131947485127    9    2    9    2
 -0.002547780784997354    9    3    1    1
 -0.0004340950999522742    9    3    2    1
 -0.002544536340656058    9    3    2    2
 -0.0001019600008839066    9    3    3    1
 0.0004947051040520814    9    3    3    2
 -0.002404283952317636    9    3    3    3
 -0.0005319972844948882    9    3    4    1
 0.0001441898876195218    9    3    4    2
 -9.124701222650613e-05    9    3    4    3
 -0.002371800114172048    9    3    4    4
 6.593288352635488e-05    9    3    5    1
 0.0002301618548360045    9    3    5    2
 0.000386391502818584    9    3    5    3
 -0.0001860997442490173    9    3    5    4
 -0.002133649422437065    9    3    5    5
 -1.396831636481575e-05    9    3    6    1
 0.0001375187085070641    9    3    6    2
 -0.0005111226548245966    9    3    6    3
 7.976527785659002e-05    9    3    6    4
 -8.853970695401443e-05    9    3    6    5
 -0.001699478444479296    9    3    6    6
 -2.074834343154271e-05    9    3    7    1
 0.0009325039389612556    9    3    7    2
 0.00021316519689942    9    3    7    3
 -0.001073361810006705    9    3    7    4
 -0.0002860916931853708    9    3    7    5
 0.0003900377775402287    9    3    7    6
 -0.001454979680117945    9    3    7    7
 -0.0003725695414147704    9    3    8    1
 6.454422159755215e-06    9    3    8    2
 0.0009783959000404991    9    3    8    3
 3.633857594749035e-05    9    3    8    4
 0.0001762360768853428    9    3    8    5
 0.0002207347533120755    9    3    8    6
 0.0006451447819944163    9    3    8    7
 -0.002295898455262239    9    3    8    8
 0.0003748265219905146    9    3    9    1
 -2.235494162416467e-05    9    3    9    2
 0.001464038273232723    9    3    9    3
 0.0125336399674873    9    4    1    1
 2.398995687364959e-05    9    4    2    1
 0.01205878927366395    9    4    2    2
 -5.715084395346632e-05    9    4    3    1
 -0.00013503366037914    9    4    3    2
 0.009213422188831122    9    4    3    3
 1.422220903865243e-05    9    4    4    1
 -7.475324635279742e-05    9    4    4    2
 3.029436269401378e-05    9    4    4    3
 0.01266164302043567    9    4    4    4
 1.403555813092876e-05    9    4    5    1
 -5.610275376511943e-05    9    4    5    2
 -9.755762349484922e-05    9    4    5    3
 -0.0002312238745037323    9    4    5    4
 0.01069369637764062    9    4    5    5
 -6.318655930316211e-05    9    4    6    1
 -0.0005015470150379195    9    4    6    2
 0.0001529067632203979    9    4    6    3
 0.0004114016795752484    9    4    6    4
 0.0005531407622316893    9    4    6    5
 0.01079962286917622    9    4    6    6
 -6.108359025148081e-05    9    4    7    1
 4.052728515050782e-06    9    4    7    2
 -0.001551660463370624    9    4    7    3
 0.0003677502300701196    9    4    7    4
 1.80470508343966e-05    9    4    7    5
 -7.980426549066802e-05    9    4    7    6
 0.009221617066981547    9    4    7    7
 -5.056008151101207e-05    9    4    8    1
 -0.0007721855656446512    9    4    8    2
 0.0001223973598267232    9    4    8    3
 -0.0001452864883168169    9    4    8    4
 -0.0004663307194546785    9    4    8    5
 2.235355324091272e-05    9    4    8    6
 -0.0001208422237768099    9    4    8    7
 0.0121050878923218    9    4    8    8
 -0.0002002367162795176    9    4    9    1
 -2.584940195349889e-05    9    4    9    2
 -0.0002588654704847419    9    4    9    3
 0.001100080632212945    9    4    9    4
 -0.01142473346212817    9    5    1    1
 0.0001082960143360544    9    5    2    1
 -0.01024669977153086    9    5    2    2
 0.0001394001869693161    9    5    3    1
 -3.783984207458534e-05    9    5    3    2
 -0.007812025180138281    9    5    3    3
 4.248444895953238e-05    9    5    4    1
 -0.0001973655850047715    9    5    4    2
 -2.366487355115129e-05    9    5    4    3
 -0.01011689061889007    9    5    4    4
 -0.0001122176989746794    9    5    5    1
 0.0001220385025296011    9    5    5    2
 -8.342882990172474e-05    9    5    5    3
 0.0003875400570492502    9    5    5    4
 -0.01012297758468081    9    5    5    5
 3.415771663523162e-05    9    5    6    1
 0.0003859009639135847    9    5    6    2
 -1.561528912640345e-05    9    5    6    3
 -0.0002845371248413889    9    5    6    4
 -0.0005510824218742488    9    5    6    5
 -0.006649198369839436    9    5    6    6
 -5.252460329808577e-05    9    5    7    1
 -0.0001271966290998079    9    5    7    2
 0.0009696882005187573    9    5    7    3
 -0.0001096902294226586    9    5    7    4
 7.07914060730615e-05    9    5    7    5
 -3.248575868241328e-05    9    5    7    6
 -0.006315341817575254    9    5    7    7
 9.752318896276408e-05    9    5    8    1
 0.0004973848663697301    9    5    8    2
 -0.0001792520626043931    9    5    8    3
 0.0001162982045059455    9    5    8    4
 0.0004279538168391422    9    5    8    5
 9.838077986020577e-05    9    5    8    6
 8.179012052010425e-05    9    5    8    7
 -0.007369238674361995    9    5    8    8
 8.408827052598192e-05    9    5    9    1
 -8.326317671523083e-05    9    5    9    2
 6.093150733572445e-05    9    5    9    3
 -0.0004743320054348897    9    5    9    4
 0.0006670248120520955    9    5    9    5
 -0.00718239684922508    9    6    1    1
 3.6733441348089e-05    9    6    2    1
 -0.006875044887463599    9    6    2    2
 -5.220959526950733e-05    9    6    3    1
 0.000126102785436125    9    6    3    2
 -0.007242376389054494    9    6    3    3
 2.975688814452596e-05    9    6    4    1
 0.0001934002347076524    9    6    4    2
 0.0002244464506950945    9    6    4    3
 -0.006974716893478747    9    6    4    4
 2.114323736404083e-05    9    6    5    1
 0.0003892031181018128    9    6    5    2
 -0.0001187551494117404    9    6    5    3
 -0.0004932360750304422    9    6    5    4
 -0.006741748226684294    9    6    5    5
 9.634883537608304e-05    9    6    6    1
 0.0001299725475563341    9    6    6    2
 -0.0001890794068827344    9    6    6    3
 0.000373765437242377    9    6    6    4
 -0.0005104690787221308    9    6    6    5
 -0.01800143702013209    9    6    6    6
 0.0001579692304503345    9    6    7    1
 -0.0002580816512816164    9    6    7    2
 0.0005233465528090824    9    6    7    3
 -0.0002183258812844648    9    6    7    4
 7.246715093585245e-05    9    6    7    5
 0.000819119010767927    9    6    7    6
 -0.02209312936623984    9    6    7    7
 0.0001235226080014777    9    6    8    1
 6.745959401027183e-05    9    6    8    2
 -0.0003263851687819217    9    6    8    3
 -0.0001316676368688978    9    6    8    4
 0.0001014367052705028    9    6    8    5
 0.003340204050175119    9    6    8    6
 0.003418230099638791    9    6    8    7
 -0.009270784378383882    9    6    8    8
 9.147557617006782e-05    9    6    9    1
 -0.0002803559694276205    9    6    9    2
 -2.228487447911633e-05    9    6    9    3
 0.0001757997675935586    9    6    9    4
 0.0007994943513943764    9    6    9    5
 0.02575852636956609    9    6    9    6
 0.001557721088813392    9    7    1    1
 -0.0003589519231302494    9    7    2    1
 0.001488743258355063    9    7    2    2
 -5.788411036262003e-05    9    7    3    1
 0.0002635390282351149    9    7    3    2
 0.001524257456361829    9    7    3    3
 -0.0004108170775074162    9    7    4    1
 -5.245901915291356e-05    9    7    4    2
 -0.000520517018038457    9    7    4    3
 0.001542541345691492    9    7    4    4
 -5.169499480908501e-05    9    7    5    1
 -0.0001186459060002987    9    7    5    2
 0.0005856037529102018    9    7    5    3
 9.475071915166911e-05    9    7    5    4
 0.001459119513371901    9    7    5    5
 4.174616251460781e-05    9    7    6    1
 2.825157127941979e-05    9    7    6    2
 -0.000466028262048769    9    7    6    3
 4.188733296853697e-05    9    7    6    4
 -7.784361823629801e-06    9    7    6    5
 0.001250300961674291    9    7    6    6
 1.924975622160158e-05    9    7    7    1
 0.0005062915592685984    9    7    7    2
 4.109580359423841e-05    9    7    7    3
 -0.0001145579512109301    9    7    7    4
 -0.0002947207298414797    9    7    7    5
 0.002420713007159696    9    7    7    6
 0.003160099572013811    9    7    7    7
 -0.0001717896666363833    9    7    8    1
 -0.000148150665236356    9    7    8    2
 0.0006717918324452693    9    7    8    3
 -6.675656282930559e-05    9    7    8    4
 1.00238865518515e-05    9    7    8    5
 -0.002571849999586234    9    7    8    6
 -0.002394145412530958    9    7    8    7
 0.005958760685161968    9    7    8    8
 0.0001943196300607183    9    7    9    1
 3.704279295563513e-05    9    7    9    2
 -0.0005836444696974495    9    7    9    3
 5.163908777842693e-05    9    7    9    4
 -9.598347681310474e-05    9    7    9    5
 5.038745691205138e-05    9    7    9    6
 0.01711334555538541    9    7    9    7
 0.002463499491045667    9    8    1    1
 3.765477904719588e-05    9    8    2    1
 0.00237616355025613    9    8    2    2
 -1.86233336313759e-05    9    8    3    1
 -6.023736474741141e-05    9    8    3    2
 0.002614718747791135    9    8    3    3
 6.858438238654435e-06    9    8    4    1
 -0.0001912098642372153    9    8    4    2
 -5.514395337857172e-05    9    8    4    3
 0.002341346554216661    9    8    4    4
 -2.326195519208522e-06    9    8    5    1
 -0.0001920683898203672    9    8    5    2
 -5.556155375042124e-06    9    8    5    3
 0.000179904844112987    9    8    5    4
 0.002301792872483888    9    8    5    5
 3.911554673824344e-05    9    8    6    1
 0.0001942730357337728    9    8    6    2
 4.079565988651934e-05    9    8    6    3
 -0.0001924789586272295    9    8    6    4
 8.230063614079646e-05    9    8    6    5
 0.002112041350840867    9    8    6    6
 -3.086829630158904e-06    9    8    7    1
 0.0001383167268519711    9    8    7    2
 -0.000605870691008031    9    8    7    3
 0.00019944041720321    9    8    7    4
 -3.55917946468703e-05    9    8    7    5
 -0.0009106870669047352    9    8    7    6
 0.01450605002113185    9    8    7    7
 -0.0001448189334510146    9    8    8    1
 -6.682737376235439e-05    9    8    8    2
 6.22183142605652e-05    9    8    8    3
 0.000349638151773133    9    8    8    4
 -0.0004368996586901104    9    8    8    5
 -0.005691868795527759    9    8    8    6
 -0.002079373732685207    9    8    8    7
 0.008475874016697556    9    8    8    8
 -0.0001563427783778868    9    8    9    1
 -0.0003928774909886221    9    8    9    2
 -1.302920375395402e-05    9    8    9    3
 -2.890964078554724e-06    9    8    9    4
 -0.0004218887277375132    9    8    9    5
 -0.005633932153549293    9    8    9    6
 0.001499168950867839    9    8    9    7
 0.0199101023781916    9    8    9    8
 0.1896894691878989    9    9    1    1
 0.0004054942630874057    9    9    2    1
 0.1884325250177824    9    9    2    2
 -0.0001643862483406438    9    9    3    1
 -0.00143488289643345    9    9    3    2
 0.1891865225376664    9    9    3    3
 -0.000616550342938101    9    9    4    1
 -0.002336911570094159    9    9    4    2
 -0.002270390268365517    9    9    4    3
 0.1888154710027731    9    9    4    4
 -0.0001090635205045022    9    9    5    1
 -0.006510364934588809    9    9    5    2
 0.0006972376275389366    9    9    5    3
 0.006381120900916339    9    9    5    4
 0.1808446200104111    9    9    5    5
 -0.002485452662855612    9    9    6    1
 -0.01001971749485302    9    9    6    2
 0.0009308467506542221    9    9    6    3
 0.009070281293639473    9    9    6    4
 0.009532179739376404    9    9    6    5
 0.6081107694765751    9    9    6    6
 -0.0002530761376245148    9    9    7    1
 0.002775091902957186    9    9    7    2
 -0.01897794542418687    9    9    7    3
 0.004684098785279107    9    9    7    4
 -0.00103945162963928    9    9    7    5
 -0.001841761076839469    9    9    7    6
 0.5786764908219313    9    9    7    7
 -0.002708295850137016    9    9    8    1
 -0.01178839824179204    9    9    8    2
 0.003893677374649914    9    9    8    3
 -0.001711237598652046    9    9    8    4
 -0.006707204000077865    9    9    8    5
 -0.005922502636440202    9    9    8    6
 -0.006293586850159438    9    9    8    7
 0.6536296231971616    9    9    8    8
 -0.003282524056773172    9    9    9    1
 -0.0006422790497186829    9    9    9    2
 -0.001906546995790321    9    9    9    3
 0.01281743317248354    9    9    9    4
 -0.008148467926232007    9    9    9    5
 -0.0208632014997629    9    9    9    6
 0.00177871438893694    9    9    9    7
 0.008506702328285187    9    9    9    8
 0.6947384607573078    9    9    9    9
 -0.005330353142510115   10    1    1    1
 -0.0002557512722859065   10    1    2    1
 -0.004374743137799714   10    1    2    2
 1.545433685023031e-05   10    1    3    1
 -0.0001480578570435083   10    1    3    2
 -0.003224762277445578   10    1    3    3
 0.0002463948870229853   10    1    4    1
 5.654761883764163e-05   10    1    4    2
 -0.0001616689379702596   10    1    4    3
 -0.004349867971580804   10    1    4    4
 -0.0001286832517941074   10    1    5    1
 7.079962294044512e-06   10    1    5    2
 2.61145215198278e-05   10    1    5    3
 -9.375918959745552e-06   10    1    5    4
 -0.004264622323823389   10    1    5    5
 -9.190909852589734e-06   10    1    6    1
 0.0002994664677274063   10    1    6    2
 -2.408150650182185e-05   10    1    6    3
 -0.0002777692475419179   10    1    6    4
 -0.0004049478231463363   10    1    6    5
 -0.00425261973655052   10    1    6    6
 -8.794333354432583e-06   10    1    7    1
 -4.768231155494538e-05   10    1    7    2
 0.0009435717320511665   10    1    7    3
 -9.043769107842386e-05   10    1    7    4
 3.578122976053927e-05   10    1    7    5
 -3.443002287890466e-05   10    1    7    6
 -0.003216680989030137   10    1    7    7
 4.711472380104887e-05   10    1    8    1
 0.0004302630149190581   10    1    8    2
 -0.0001086273486745839   10    1    8    3
 0.0001967091297601894   10    1    8    4
 0.0002807585141826264   10    1    8    5
 2.209680506563395e-05   10    1    8    6
 -0.000160867741407177   10    1    8    7
 -0.004339857010511265   10    1    8    8
 5.833719589910498e-05   10    1    9    1
 -0.0001128639113531876   10    1    9    2
 2.797325309520966e-05   10    1    9    3
 -0.0004227262177268656   10    1    9    4
 0.0002992999555889403   10    1    9    5
 1.164868285283667e-05   10    1    9    6
 0.0001265459796255387   10    1    9    7
 -4.807782008464776e-05   10    1    9    8
 -0.00437360654047556   10    1    9    9
 0.000432398407377543   10    1   10    1
 -0.003410546931990039   10    2    1    1
 -8.719809262814498e-06   10    2    2    1
 -0.003462958606355911   10    2    2    2
 5.190619204035976e-05   10    2    3    1
 -0.0001925021178904746   10    2    3    2
 -0.002695020104857218   10    2    3    3
 0.0002544635018624768   10    2    4    1
 0.0001686592674630269   10    2    4    2
 0.0001541639557509695   10    2    4    3
 -0.003247340022871953   10    2    4    4
 -2.171330771966518e-05   10    2    5    1
 7.371131869635456e-05   10    2    5    2
 -0.0002883780039200744   10    2    5    3
 -7.208527464512118e-05   10    2    5    4
 -0.002779016118849135   10    2    5    5
 2.547502618733032e-05   10    2    6    1
 8.626749889664977e-05   10    2    6    2
 0.0001170147552987205   10    2    6    3
 -0.0001449745010585715   10    2    6    4
 -0.0001047406134933673   10    2    6    5
 -0.002735129197728323   10    2    6    6
 -3.589877706244351e-06   10    2    7    1
 -0.0003879417113885723   10    2    7    2
 0.0002392582082675289   10    2    7    3
 0.0002709144334120418   10    2    7    4
 0.0001414962482974383   10    2    7    5
 -0.0001368837895241133   10    2    7    6
 -0.002649752964111841   10    2    7    7
 0.000269430561723155   10    2    8    1
 0.0002082407364257656   10    2    8    2
 -0.0003948179343642378   10    2    8    3
 1.915630937007624e-05   10    2    8    4
 6.247008080941587e-05   10    2    8    5
 0.0001831948030557617   10    2    8    6
 -0.0004147618705763476   10    2    8    7
 -0.002900440546536411   10    2    8    8
 -0.0001311295467709718   10    2    9    1
 1.616400097473561e-05   10    2    9    2
 -0.0003243861311736178   10    2    9    3
 -9.372263188631374e-05   10    2    9    4
 0.0001101964936275667   10    2    9    5
 1.602494706359532e-05   10    2    9    6
 0.0001650534349876613   10    2    9    7
 -1.950118073759052e-05   10    2    9    8
 -0.002790182629239266   10    2    9    9
 7.078360145316078e-05   10    2   10    1
 0.0004001855988141057   10    2   10    2
 0.0003035571943951556   10    3    1    1
 9.840490369278235e-05   10    3    2    1
 0.0003788341921076112   10    3    2    2
 -0.0002017958054577711   10    3    3    1
 2.511416615268668e-05   10    3    3    2
 0.0002386697717670078   10    3    3    3
 8.515676709995463e-05   10    3    4    1
 -1.489152322541599e-05   10    3    4    2
 -4.506266429769072e-05   10    3    4    3
 9.871666779323135e-05   10    3    4    4
 4.534275812843614e-06   10    3    5    1
 -0.0001701102792826955   10    3    5    2
 -4.932629149187907e-05   10    3    5    3
 -8.748499954095823e-05   10    3    5    4
 0.0001935091730911616   10    3    5    5
 -8.639673254603878e-07   10    3    6    1
 5.271635430703883e-05   10    3    6    2
 -5.54671963962871e-06   10    3    6    3
 5.610023564270249e-05   10    3    6    4
 -2.459229376487732e-06   10    3    6    5
 0.0002251961269149277   10    3    6    6
 4.500858511835097e-05   10    3    7    1
 7.443897634600008e-06   10    3    7    2
 2.346716130133747e-05   10    3    7    3
 2.285658417088092e-06   10    3    7    4
 -5.588172437127622e-05   10    3    7    5
 -0.000151832486542622   10    3    7    6
 0.0002361483245047682   10    3    7    7
 -1.745743009349827e-05   10    3    8    1
 -6.723774513872131e-05   10    3    8    2
 1.561492349332181e-05   10    3    8    3
 -9.364841829071494e-06   10    3    8    4
 -0.0001021735122605951   10    3    8    5
 -0.0005005222659756533   10    3    8    6
 8.136241332447546e-05   10    3    8    7
 0.000633945004138989   10    3    8    8
 8.896551722650158e-06   10    3    9    1
 -1.852704534691199e-05   10    3    9    2
 -2.569598317337308e-06   10    3    9    3
 -6.805449357074375e-05   10    3    9    4
 8.344761460366745e-05   10    3    9    5
 0.0004706193016501255   10    3    9    6
 0.0001007139852860006   10    3    9    7
 2.440138221995381e-05   10    3    9    8
 -0.0001371655341197754   10    3    9    9
 7.432847343765079e-06   10    3   10    1
 -4.760874164636667e-05   10    3   10    2
 0.0003661383020528736   10    3   10    3
 0.003230873954669162   10    4    1    1
 0.0002712127651058851   10    4    2    1
 0.003098919847093965   10    4    2    2
 1.069084351725825e-05   10    4    3    1
 -0.0001447862941515985   10    4    3    2
 0.002654725073148344   10    4    3    3
 1.61436630498569e-05   10    4    4    1
 -0.0001616573735522881   10    4    4    2
 0.0001682336095685704   10    4    4    3
 0.003230872963006433   10    4    4    4
 2.834606889989968e-05   10    4    5    1
 -0.0001238032292460754   10    4    5    2
 -0.0002380454575300447   10    4    5    3
 8.220419021803922e-05   10    4    5    4
 0.00260041170245143   10    4    5    5
 -1.259070095873936e-05   10    4    6    1
 -0.000117978809946827   10    4    6    2
 0.0001465748551560281   10    4    6    3
 3.221364729062419e-05   10    4    6    4
 9.198465394583209e-05   10    4    6    5
 0.002580338450421018   10    4    6    6
 -4.643765864710368e-06   10    4    7    1
 -0.0003379143968892887   10    4    7    2
 -0.0002013658692373908   10    4    7    3
 0.0004365659772330577   10    4    7    4
 0.0001205879662645287   10    4    7    5
 -0.000129802316579867   10    4    7    6
 0.002453111017668202   10    4    7    7
 0.0001814820877284668   10    4    8    1
 -7.689780939591535e-05   10    4    8    2
 -0.0002985558215869098   10    4    8    3
 -2.437887998171201e-05   10    4    8    4
 -0.0001262291464785525   10    4    8    5
 1.87489154432615e-05   10    4    8    6
 0.0001772167488806012   10    4    8    7
 0.002536074506445207   10    4    8    8
 -0.0002532473780153464   10    4    9    1
 -6.590355711735205e-06   10    4    9    2
 -0.0004333502459100197   10    4    9    3
 0.0002027790934210513   10    4    9    4
 -9.591964771635791e-05   10    4    9    5
 -0.000175041401168063   10    4    9    6
 -0.0004213663048669284   10    4    9    7
 1.39327419030461e-05   10    4    9    8
 0.002754965929506357   10    4    9    9
 -4.965251871497346e-05   10    4   10    1
 5.122739111154192e-05   10    4   10    2
 -3.955890472970975e-05   10    4   10    3
 0.0004223542374551905   10    4   10    4
 -0.00322521695534607   10    5    1    1
 -7.188207936586967e-05   10    5    2    1
 -0.002750309980183576   10    5    2    2
 2.203753266345337e-05   10    5    3    1
 -4.9594075906476e-05   10    5    3    2
 -0.002349189406956275   10    5    3    3
 7.413260394927388e-05   10    5    4    1
 -4.241426187468863e-05   10    5    4    2
 3.88793498805803e-06   10    5    4    3
 -0.002724973304863407   10    5    4    4
 -0.0001319790658855022   10    5    5    1
 8.093954727844064e-05   10    5    5    2
 -2.014874188187289e-05   10    5    5    3
 -6.217894567190424e-05   10    5    5    4
 -0.002647340650714807   10    5    5    5
 9.998727730037867e-06   10    5    6    1
 4.226968608135425e-05   10    5    6    2
 -5.728205834029002e-06   10    5    6    3
 -4.02814803954585e-05   10    5    6    4
 -6.158428070373074e-05   10    5    6    5
 -0.001930692560229231   10    5    6    6
 7.326041365106005e-07   10    5    7    1
 2.404322608714078e-06   10    5    7    2
 6.352054665864428e-05   10    5    7    3
 -1.351946902024649e-05   10    5    7    4
 1.543097539377425e-05   10    5    7    5
 7.725982256142793e-06   10    5    7    6
 -0.001979318757670841   10    5    7    7
 1.871722400174891e-05   10    5    8    1
 7.601084536319522e-05   10    5    8    2
 -6.686102135594442e-05   10    5    8    3
 -1.499275992110341e-05   10    5    8    4
 7.294679451043563e-05   10    5    8    5
 7.718514796020313e-05   10    5    8    6
 -4.057073030280045e-05   10    5    8    7
 -0.002049899069459446   10    5    8    8
 2.072164732309409e-05   10    5    9    1
 3.04916656647827e-05   10    5    9    2
 4.53980241558442e-05   10    5    9    3
 -8.029405814228594e-05   10    5    9    4
 8.940075601267311e-05   10    5    9    5
 0.0001319398065071964   10    5    9    6
 5.074361770488841e-05   10    5    9    7
 -5.309572690829775e-05   10    5    9    8
 -0.002102786340128873   10    5    9    9
 1.248389643241262e-06   10    5   10    1
 -2.721103520050639e-05   10    5   10    2
 -7.370909739204538e-06   10    5   10    3
 2.818502624008489e-05   10    5   10    4
 0.0001867158979223246   10    5   10    5
 -0.000360983525578787   10    6    1    1
 7.182259543839436e-05   10    6    2    1
 -0.0003351409680310122   10    6    2    2
 -7.712471284935755e-07   10    6    3    1
 4.315716582358378e-05   10    6    3    2
 -0.0004009164601753331   10    6    3    3
 -4.799584255675665e-05   10    6    4    1
 5.61711266916608e-06   10    6    4    2
 6.511594762447119e-05   10    6    4    3
 -0.000349622622675288   10    6    4    4
 -3.793115764023247e-05   10    6    5    1
 3.602897125313435e-05   10    6    5    2
 -1.727358404224947e-05   10    6    5    3
 -3.599539244242665e-05   10    6    5    4
 -0.0003308704645566988   10    6    5    5
 -0.0001235902132865696   10    6    6    1
 -0.0001159971999856217   10    6    6    2
 2.573603057408224e-05   10    6    6    3
 0.0001227265403450686   10    6    6    4
 -6.548678444290849e-05   10    6    6    5
 -0.001175814221392035   10    6    6    6
 -5.907843806491251e-06   10    6    7    1
 -9.50646851675676e-05   10    6    7    2
 4.004264891168758e-05   10    6    7    3
 -8.718608441025993e-05   10    6    7    4
 1.836369960307279e-07   10    6    7    5
 -0.0001308307422237981   10    6    7    6
 -0.001838776524831137   10    6    7    7
 -1.066656159684641e-05   10    6    8    1
 -3.281706383653661e-06   10    6    8    2
 -0.0001110288557002584   10    6    8    3
 -1.926398729407975e-06   10    6    8    4
 2.173455903824071e-05   10    6    8    5
 0.001343866539767746   10    6    8    6
 0.001418492452715471   10    6    8    7
 -0.0004995035371227297   10    6    8    8
 -2.522507817098817e-05   10    6    9    1
 -1.113326814550036e-05   10    6    9    2
 9.415173128131965e-05   10    6    9    3
 2.55974440262454e-05   10    6    9    4
 5.49692124724097e-05   10    6    9    5
 0.001842411417224156   10    6    9    6
 -0.001244622151362629   10    6    9    7
 -0.001246495938704816   10    6    9    8
 -0.0008714026512721381   10    6    9    9
 -0.0001176559231503594   10    6   10    1
 -0.0003752188831694023   10    6   10    2
 3.637577988499864e-05   10    6   10    3
 0.0003430089961827401   10    6   10    4
 0.0002379279649730165   10    6   10    5
 0.01443625234004511   10    6   10    6
 0.0002109671728536026   10    7    1    1
 -2.44525790834632e-05   10    7    2    1
 7.308166413645343e-05   10    7    2    2
 0.0002294533666932252   10    7    3    1
 -4.449636244840703e-05   10    7    3    2
 0.0002286485975465654   10    7    3    3
 -2.736166643950426e-05   10    7    4    1
 -6.178906143345859e-06   10    7    4    2
 4.581778811608527e-05   10    7    4    3
 0.000374244966191366   10    7    4    4
 5.774287950176515e-06   10    7    5    1
 6.148468016172675e-05   10    7    5    2
 -5.072828916831113e-05   10    7    5    3
 6.75940438361973e-05   10    7    5    4
 0.0002130613453741089   10    7    5    5
 -2.340931706295241e-05   10    7    6    1
 -0.0001372380756203643   10    7    6    2
 0.0001553415197038286   10    7    6    3
 -0.0001395218661910898   10    7    6    4
 7.592642470032428e-06   10    7    6    5
 0.0003554294881666484   10    7    6    6
 -0.0001958105657458339   10    7    7    1
 -9.736892244807728e-05   10    7    7    2
 1.347065409653564e-05   10    7    7    3
 8.014006437131245e-05   10    7    7    4
 3.633867725906285e-05   10    7    7    5
 0.0002891433132829021   10    7    7    6
 0.0001691167358339951   10    7    7    7
 1.688780867109174e-05   10    7    8    1
 -5.000872532115954e-05   10    7    8    2
 9.804080955812661e-05   10    7    8    3
 0.0002547250361002136   10    7    8    4
 0.0002481869636446867   10    7    8    5
 0.006398830710373835   10    7    8    6
 -0.001766452170052479   10    7    8    7
 -0.007593738571225407   10    7    8    8
 -4.519367497172834e-05   10    7    9    1
 0.0002398048679491304   10    7    9    2
 0.000146970662410514   10    7    9    3
 -3.029939382833481e-05   10    7    9    4
 -0.0002269207017352004   10    7    9    5
 -0.005818848668818899   10    7    9    6
 -0.002438004337945768   10    7    9    7
 -0.0005304469819767567   10    7    9    8
 0.007929147316466663   10    7    9    9
 -1.000640707808012e-05   10    7   10    1
 0.00016422910199729   10    7   10    2
 -0.00117376619438966   10    7   10    3
 0.0003002205360846227   10    7   10    4
 -5.949364054773989e-05   10    7   10    5
 -0.0002226942846611308   10    7   10    6
 0.02244961057850509   10    7   10    7
 0.0004039474189114768   10    8    1    1
 0.0005147631781797471   10    8    2    1
 0.0005073225151182486   10    8    2    2
 -2.494969818363374e-05   10    8    3    1
 -0.0003993699581113741   10    8    3    2
 0.0003837087130054004   10    8    3    3
 0.0005661235941845107   10    8    4    1
 -3.791082233081256e-06   10    8    4    2
 0.00034470231644619   10    8    4    3
 0.0003442115324276092   10    8    4    4
 6.60007196519452e-05   10    8    5    1
 -1.867219521787841e-05   10    8    5    2
 -0.0006043215845493174   10    8    5    3
 -7.43720067457044e-06   10    8    5    4
 0.0002970593608625314   10    8    5    5
 -5.246910142078275e-05   10    8    6    1
 -2.554292144079775e-05   10    8    6    2
 0.00055919251522649   10    8    6    3
 -0.000188066967517158   10    8    6    4
 -1.264252468081383e-06   10    8    6    5
 -0.002669499657949309   10    8    6    6
 0.0001042353172666288   10    8    7    1
 -0.0005359640171725671   10    8    7    2
 -0.0001808732281356598   10    8    7    3
 0.0004065343827886123   10    8    7    4
 0.0001138720154392239   10    8    7    5
 -0.00836242962302379   10    8    7    6
 0.002117509444433979   10    8    7    7
 4.731319513129643e-05   10    8    8    1
 2.147181521318391e-05   10    8    8    2
 -0.0009088247942091219   10    8    8    3
 0.0001155149267773007   10    8    8    4
 -0.0002233986019785312   10    8    8    5
 -0.0003316224333208937   10    8    8    6
 0.003251013406603449   10    8    8    7
 -0.0001372892573932169   10    8    8    8
 -0.0002459470109481857   10    8    9    1
 -0.0001003243259343246   10    8    9    2
 -7.986280511079093e-05   10    8    9    3
 -6.429159718302933e-06   10    8    9    4
 2.944407599782322e-05   10    8    9    5
 0.001306677519862984   10    8    9    6
 -0.00687358166743235   10    8    9    7
 0.0007539995741782725   10    8    9    8
 -0.001142902275835006   10    8    9    9
 -0.0001994255604479823   10    8   10    1
 -0.0006512551408495688   10    8   10    2
 0.0002142950748026714   10    8   10    3
 0.0002725699049355748   10    8   10    4
 -0.0003185164060567634   10    8   10    5
 0.001205430250627453   10    8   10    6
 -0.001584429633775839   10    8   10    7
 0.02935225813605054   10    8   10    8
 0.0004889937945978529   10    9    1    1
 -0.0005140827613171025   10    9    2    1
 0.0004591697254900117   10    9    2    2
 1.30120910891564e-05   10    9    3    1
 0.0003153037189609917   10    9    3    2
 0.0002674712377974328   10    9    3    3
 -0.0004641557649670974   10    9    4    1
 -2.521900926257683e-05   10    9    4    2
 -0.000357130073494023   10    9    4    3
 0.0005865738898615489   10    9    4    4
 5.59881560457459e-05   10    9    5    1
 3.077017242689269e-05   10    9    5    2
 0.0005493685871087825   10    9    5    3
 -2.479544787219111e-05   10    9    5    4
 0.0004226525469333959   10    9    5    5
 -7.458614131113068e-05   10    9    6    1
 0.0001369052362348517   10    9    6    2
 -0.0005088391522242074   10    9    6    3
 0.0001048919398465954   10    9    6    4
 -2.514818173804314e-05   10    9    6    5
 -0.00289642861637826   10    9    6    6
 -0.0001073566462766282   10    9    7    1
 0.0003870129445774144   10    9    7    2
 -0.0002652820971781408   10    9    7    3
 -0.000496160720886156   10    9    7    4
 -0.0001469357111301371   10    9    7    5
 0.007412742261753117   10    9    7    6
 0.004651355283694413   10    9    7    7
 -0.0002559440362317587   10    9    8    1
 1.089968063677601e-05   10    9    8    2
 -6.84345213796215e-05   10    9    8    3
 0.0001175625650738236   10    9    8    4
 -1.472089847674389e-06   10    9    8    5
 -6.756507591096447e-05   10    9    8    6
 0.007233604837267259   10    9    8    7
 -0.0008260242880981034   10    9    8    8
 -3.339198482932067e-05   10    9    9    1
 -0.0001268815433184736   10    9    9    2
 0.0009315617701293804   10    9    9    3
 -2.209837936988625e-05   10    9    9    4
 -0.0001356605038238406   10    9    9    5
 -0.0002307465777391184   10    9    9    6
 -0.003130164161585537   10    9    9    7
 0.000344880584720483   10    9    9    8
 0.0009416900378103478   10    9    9    9
 -0.0002490698076618448   10    9   10    1
 -0.0004162884082387241   10    9   10    2
 -0.000139840691553457   10    9   10    3
 0.0006847147698194494   10    9   10    4
 -0.0003574376668405629   10    9   10    5
 0.0008112847632499715   10    9   10    6
 0.001709930207918171   10    9   10    7
 0.001577047184740418   10    9   10    8
 0.02960573527465337   10    9   10    9
 0.1908148484584348   10   10    1    1
 0.0004560913060150804   10   10    2    1
 0.1897829201908903   10   10    2    2
 -0.0003007373916100502   10   10    3    1
 -0.001516364981951017   10   10    3    2
 0.1910962115757648   10   10    3    3
 -0.0004957326743916069   10   10    4    1
 -0.002419652430305999   10   10    4    2
 -0.002312573637298039   10   10    4    3
 0.1899259931936716   10   10    4    4
 -0.0001237957299613533   10   10    5    1
 -0.006802671745483563   10   10    5    2
 0.0006099301633121445   10   10    5    3
 0.006610790162037925   10   10    5    4
 0.1822542246076213   10   10    5    5
 -0.002939041273347947   10   10    6    1
 -0.01119115828325478   10   10    6    2
 0.0008020893499725401   10   10    6    3
 0.01028381029430361   10   10    6    4
 0.01077674733880961   10   10    6    5
 0.6741643053414336   10   10    6    6
 -0.0001622173189951537   10   10    7    1
 0.002778039325535586   10   10    7    2
 -0.0200478576370216   10   10    7    3
 0.005034732103338124   10   10    7    4
 -0.001018193894937335   10   10    7    5
 -0.0008389371611890823   10   10    7    6
 0.6146644654367537   10   10    7    7
 -0.002804424765592951   10   10    8    1
 -0.01224189736012717   10   10    8    2
 0.00351972817914043   10   10    8    3
 -0.002012985930315045   10   10    8    4
 -0.007273102766606095   10   10    8    5
 -0.02128492467719764   10   10    8    6
 -0.002085888520927296   10   10    8    7
 0.6887444880317319   10   10    8    8
 -0.003252887975389734   10   10    9    1
 -0.0007593553311915084   10   10    9    2
 -0.001895155607922628   10   10    9    3
 0.01262488972073649   10   10    9    4
 -0.007911781831293594   10   10    9    5
 -0.02461228527988166   10   10    9    6
 0.0001376929015820039   10   10    9    7
 0.005256084779598264   10   10    9    8
 0.6890414741433071   10   10    9    9
 -0.005328916197413863   10   10   10    1
 -0.00355320356509561   10   10   10    2
 0.0002305096794761653   10   10   10    3
 0.003326574638800679   10   10   10    4
 -0.002325348110149522   10   10   10    5
 -0.001473984097142971   10   10   10    6
 0.0002947728319381577   10   10   10    7
 -0.0004488579559408257   10   10   10    8
 0.000669119086796068   10   10   10    9
 0.8074842567969378   10   10   10   10
 -4.032912019016645    1    1  0  0
 -0.005896627941959598    2    1  0  0
 -3.817569988162127    2    2  0  0
 0.004172010762247119    3    1  0  0
 0.01893040656471148    3    2  0  0
 -3.503732568354673    3    3  0  0
 0.00551018224417834    4    1  0  0
 0.0548903986159495    4    2  0  0
 0.02778672063023228    4    3  0  0
 -3.812383927143209    4    4  0  0
 0.004847712493557528    5    1  0  0
 0.1016698800590467    5    2  0  0
 -0.005999942001464693    5    3  0  0
 -0.09269406178890004    5    4  0  0
 -3.63060174110396    5    5  0  0
 0.01928161270840456    6    1  0  0
 0.1018780150635576    6    2  0  0
 -0.008936205513909072    6    3  0  0
 -0.09430355324642886    6    4  0  0
 -0.110357931645771    6    5  0  0
 -3.631680126038569    6    6  0  0
 0.0005814493263549478    7    1  0  0
 -0.02610282383126046    7    2  0  0
 0.2193626754531826    7    3  0  0
 -0.04420910870685837    7    4  0  0
 0.01016048652537588    7    5  0  0
 0.007241603410109381    7    6  0  0
 -3.506838620496429    7    7  0  0
 0.02082555887466174    8    1  0  0
 0.09356495490736594    8    2  0  0
 -0.045199305673789    8    3  0  0
 0.03424324983420493    8    4  0  0
 0.0937311572287914    8    5  0  0
 0.08923905456808534    8    6  0  0
 0.02739198139641979    8    7  0  0
 -3.814942090984946    8    8  0  0
 0.02470346971266751    9    1  0  0
 -0.01093987680546355    9    2  0  0
 0.0239921027779582    9    3  0  0
 -0.0951537298785247    9    4  0  0
 0.1033484751930509    9    5  0  0
 0.1077932959558664    9    6  0  0
 -0.01963289750832655    9    7  0  0
 -0.05459871842904024    9    8  0  0
 -3.819651039549472    9    9  0  0
 0.06073052080975336   10    1  0  0
 0.02609185678767996   10    2  0  0
 -0.001730585974822624   10    3  0  0
 -0.024714717055681   10    4  0  0
 0.02185269549072349   10    5  0  0
 0.008740606769708529   10    6  0  0
 -0.00183031228886454   10    7  0  0
 -4.260373253925191e-05   10    8  0  0
 -0.004476786661549163   10    9  0  0
 -4.035690272500271   10   10  0  0
 -95.54974224310712  0  0  0  0
