 &FCI NORB=  10,NELEC=10,MS2=0,
  ORBSYM=1,1,1,1,1,1,1,1,1,1,
  ISYM=1,
 &END
 0.7983776164118348    1    1    1    1
 0.01529944575501295    2    1    1    1
 0.02992008726288999    2    1    2    1
 0.6873167427571538    2    2    1    1
 0.01424980857081931    2    2    2    1
 0.6998055211996848    2    2    2    2
 -0.0002301288915764319    3    1    1    1
 -0.0007805583683113394    3    1    2    1
 -0.008156620568094245    3    1    2    2
 0.02316021413559068    3    1    3    1
 -0.0008633869553360727    3    2    1    1
 0.00288358279985587    3    2    2    1
 -0.001932778457306029    3    2    2    2
 -0.001330593334644166    3    2    3    1
 0.01639365493258967    3    2    3    2
 0.6096264127335593    3    3    1    1
 0.0140889994202682    3    3    2    1
 0.5816740163357516    3    3    2    2
 6.624010720357207e-05    3    3    3    1
 -0.002913090417113009    3    3    3    2
 0.5473359255647209    3    3    3    3
 0.003402483175408884    4    1    1    1
 -0.00152494341702352    4    1    2    1
 0.003250035700673565    4    1    2    2
 9.577954863446644e-07    4    1    3    1
 -0.00711433303138018    4    1    3    2
 0.001509548276465751    4    1    3    3
 0.02837595723930476    4    1    4    1
 -0.004700722807066645    4    2    1    1
 6.016815617641477e-05    4    2    2    1
 -0.007919180655461596    4    2    2    2
 -0.0005273441577597476    4    2    3    1
 -0.0002283955539023476    4    2    3    2
 -0.01426333160719587    4    2    3    3
 0.003000635821929215    4    2    4    1
 0.02066064969900288    4    2    4    2
 -0.005463160952620509    4    3    1    1
 0.007001788916901063    4    3    2    1
 -0.003426185429523297    4    3    2    2
 0.001469072659766061    4    3    3    1
 0.002648160822059054    4    3    3    2
 -0.004574172641585006    4    3    3    3
 -0.003854971814925053    4    3    4    1
 0.00156230285663847    4    3    4    2
 0.01747202131533486    4    3    4    3
 0.6865884071464868    4    4    1    1
 0.008062323769900794    4    4    2    1
 0.6546599477401743    4    4    2    2
 0.00849915299509745    4    4    3    1
 -0.004503251796692488    4    4    3    2
 0.5770829743461322    4    4    3    3
 0.003004528204965339    4    4    4    1
 -0.007941941309291127    4    4    4    2
 -0.003413706915188332    4    4    4    3
 0.6928664622916326    4    4    4    4
 0.008425151977965853    5    1    1    1
 0.0006028411219784342    5    1    2    1
 0.007980255032281381    5    1    2    2
 -0.001397683453294382    5    1    3    1
 0.001114092766207207    5    1    3    2
 0.006262548522669649    5    1    3    3
 -0.001151439297433838    5    1    4    1
 -0.0003048420441467031    5    1    4    2
 0.0004400161303417839    5    1    4    3
 0.005413407372615322    5    1    4    4
 0.01435326930183006    5    1    5    1
 -0.02308538873811577    5    2    1    1
 -0.0008071017014282261    5    2    2    1
 -0.02046407736990299    5    2    2    2
 0.005629454891935583    5    2    3    1
 0.001520044545828158    5    2    3    2
 -0.02165367207062235    5    2    3    3
 -0.003153255952999573    5    2    4    1
 0.005412340349552309    5    2    4    2
 0.004233597160428622    5    2    4    3
 -0.00964269414048166    5    2    4    4
 -0.0007970192745604053    5    2    5    1
 0.02583940472821047    5    2    5    2
 0.004127594824052141    5    3    1    1
 -0.007039346653950795    5    3    2    1
 -0.001901001372007114    5    3    2    2
 -0.0001326314491100928    5    3    3    1
 0.002460578590500999    5    3    3    2
 0.0006830559483208521    5    3    3    3
 -0.007613134974220791    5    3    4    1
 -0.003082487862665961    5    3    4    2
 -0.00225170897853371    5    3    4    3
 0.0002897349180915663    5    3    4    4
 0.0007022412642705591    5    3    5    1
 -0.0008682770157931019    5    3    5    2
 0.0223730339025774    5    3    5    3
 0.01994840674597322    5    4    1    1
 0.003716685050054831    5    4    2    1
 0.00549918042258299    5    4    2    2
 0.006596855856418029    5    4    3    1
 -0.001375952440226913    5    4    3    2
 0.01811799907021948    5    4    3    3
 0.001089415742001861    5    4    4    1
 -0.005184196579079679    5    4    4    2
 -0.0002587405173151022    5    4    4    3
 0.01649088522450117    5    4    4    4
 -0.0006230474506723161    5    4    5    1
 -0.003492802611103841    5    4    5    2
 -0.0003655031593307666    5    4    5    3
 0.02527634018778933    5    4    5    4
 0.6719688440208165    5    5    1    1
 0.01280658424973996    5    5    2    1
 0.611003097900325    5    5    2    2
 -0.001302470476777452    5    5    3    1
 -0.0009804726401321155    5    5    3    2
 0.5400104211633613    5    5    3    3
 0.004442856413215283    5    5    4    1
 -0.001276436163167224    5    5    4    2
 -0.003401062341969533    5    5    4    3
 0.6078913668005665    5    5    4    4
 0.006849557524171111    5    5    5    1
 -0.01780541430062473    5    5    5    2
 0.00108531013234915    5    5    5    3
 0.01362641014168385    5    5    5    4
 0.6195211928909944    5    5    5    5
 -0.0009074251691307764    6    1    1    1
 -0.0003421357236459068    6    1    2    1
 -0.0008529632277851068    6    1    2    2
 3.976902985797359e-05    6    1    3    1
 -7.269891564411786e-05    6    1    3    2
 -0.00091501657801198    6    1    3    3
 0.0002878396490899747    6    1    4    1
 3.574217408570203e-05    6    1    4    2
 -2.686350207925253e-05    6    1    4    3
 -0.0008179262363538652    6    1    4    4
 0.0002319342918036495    6    1    5    1
 2.961985189598469e-05    6    1    5    2
 -3.855956519145979e-05    6    1    5    3
 -6.02520904825049e-05    6    1    5    4
 -0.000826307969545135    6    1    5    5
 0.0001759370846905139    6    1    6    1
 -0.008262002286101225    6    2    1    1
 -0.000192419077105611    6    2    2    1
 -0.008641758663787646    6    2    2    2
 0.0002306007226471115    6    2    3    1
 0.0001357835371806779    6    2    3    2
 -0.006657912549204669    6    2    3    3
 -8.278538095821083e-05    6    2    4    1
 0.0003877690496285004    6    2    4    2
 9.357309687785905e-05    6    2    4    3
 -0.00777662244942035    6    2    4    4
 -0.00013044092409362    6    2    5    1
 0.0008218433365933073    6    2    5    2
 3.761090502397692e-05    6    2    5    3
 -7.384616494455233e-05    6    2    5    4
 -0.007073405841301425    6    2    5    5
 3.984921655839401e-06    6    2    6    1
 0.0007103241258960758    6    2    6    2
 0.001260585649839419    6    3    1    1
 0.0001353128868776042    6    3    2    1
 0.001413768629033167    6    3    2    2
 9.072418280522499e-05    6    3    3    1
 -0.000295973371922657    6    3    3    2
 0.001143299616741824    6    3    3    3
 0.0001342247100596889    6    3    4    1
 -1.954941342500079e-05    6    3    4    2
 0.0002612923946593175    6    3    4    3
 0.00126779202563674    6    3    4    4
 1.148309708378787e-05    6    3    5    1
 -8.75863990558328e-05    6    3    5    2
 0.0001981639407160905    6    3    5    3
 3.457231925354848e-05    6    3    5    4
 0.001166192754825186    6    3    5    5
 1.980492342996621e-05    6    3    6    1
 -7.66378234723568e-05    6    3    6    2
 0.0007161030321825479    6    3    6    3
 0.006224642813221224    6    4    1    1
 0.0001304160681558804    6    4    2    1
 0.005742313780664697    6    4    2    2
 0.0002140908207278727    6    4    3    1
 8.042017826584729e-05    6    4    3    2
 0.004966233077269444    6    4    3    3
 -0.0001603400616079263    6    4    4    1
 -0.0004656219685314151    6    4    4    2
 -4.659111491517908e-05    6    4    4    3
 0.006395417132417189    6    4    4    4
 4.783905623967665e-05    6    4    5    1
 -0.0001008962741945418    6    4    5    2
 0.000138913564761567    6    4    5    3
 0.0007123799615928419    6    4    5    4
 0.005166121367948784    6    4    5    5
 -1.675047074479217e-05    6    4    6    1
 -0.0003994822868940578    6    4    6    2
 -4.476102855854038e-05    6    4    6    3
 0.0005391999684073944    6    4    6    4
 0.01108200459018835    6    5    1    1
 0.0002608678211269967    6    5    2    1
 0.009922810057600656    6    5    2    2
 -5.397470510482682e-05    6    5    3    1
 6.008464098210975e-06    6    5    3    2
 0.007905017311258544    6    5    3    3
 5.429416898366818e-05    6    5    4    1
 -6.902878705075893e-05    6    5    4    2
 -4.270455133153449e-05    6    5    4    3
 0.009802265474060351    6    5    4    4
 0.00013829284006578    6    5    5    1
 -0.0005380552518944209    6    5    5    2
 8.349739459042853e-05    6    5    5    3
 0.0003348358908006942    6    5    5    4
 0.009745335940748476    6    5    5    5
 3.013901845667068e-05    6    5    6    1
 -0.0005826692210984897    6    5    6    2
 7.546099260452552e-05    6    5    6    3
 0.0004603632395041624    6    5    6    4
 0.0008210512670939566    6    5    6    5
 0.1821133092941211    6    6    1    1
 0.001156785968909843    6    6    2    1
 0.1811535096786815    6    6    2    2
 9.80269455043313e-05    6    6    3    1
 -0.00130061492303879    6    6    3    2
 0.1824918610876766    6    6    3    3
 -0.0001391601915173721    6    6    4    1
 -0.00229341630753119    6    6    4    2
 -0.002182858329805519    6    6    4    3
 0.1814724653916213    6    6    4    4
 0.001415598374737948    6    6    5    1
 -0.006655489290144298    6    6    5    2
 0.0006950066847675013    6    6    5    3
 0.005810723821037596    6    6    5    4
 0.1745961124944588    6    6    5    5
 -0.000978534930557533    6    6    6    1
 -0.01080109493561845    6    6    6    2
 0.001183367819458319    6    6    6    3
 0.008035680539996353    6    6    6    4
 0.009671995499191132    6    6    6    5
 0.6203589885187036    6    6    6    6
 -0.0008906204408206126    7    1    1    1
 0.0002253599870767104    7    1    2    1
 -0.0002931248707979379    7    1    2    2
 -0.001206929816320601    7    1    3    1
 4.565107010222743e-06    7    1    3    2
 -0.000629092561914257    7    1    3    3
 0.0002071884227961621    7    1    4    1
 5.318080949301676e-05    7    1    4    2
 1.237266196883987e-05    7    1    4    3
 -0.001252815878257166    7    1    4    4
 7.657431054224475e-05    7    1    5    1
 -0.0004561949183546844    7    1    5    2
 -0.0002093949575545063    7    1    5    3
 -0.0005285182472167701    7    1    5    4
 -0.0006355114113538863    7    1    5    5
 4.008346584964213e-05    7    1    6    1
 -5.898468594683374e-05    7    1    6    2
 -1.002530824408412e-05    7    1    6    3
 -0.0001270781784496797    7    1    6    4
 -1.193451331727239e-05    7    1    6    5
 -0.0008330752559645474    7    1    6    6
 0.00040073010152751    7    1    7    1
 0.002078238491885992    7    2    1    1
 -0.0008078309694901776    7    2    2    1
 0.001401344138988193    7    2    2    2
 2.243723347054383e-05    7    2    3    1
 -0.0005688022873005635    7    2    3    2
 0.001278621717784837    7    2    3    3
 -2.164476162921813e-05    7    2    4    1
 -4.039599627061044e-05    7    2    4    2
 -0.0006269921582202165    7    2    4    3
 0.002010320592210969    7    2    4    4
 -4.349248015777626e-05    7    2    5    1
 -0.0001395712009785021    7    2    5    2
 0.0003402403769099192    7    2    5    3
 9.72620509617538e-05    7    2    5    4
 0.001515687104992342    7    2    5    5
 -8.470712888276489e-05    7    2    6    1
 -9.490019953644678e-05    7    2    6    2
 -0.0002965531422500536    7    2    6    3
 0.0001481119266097766    7    2    6    4
 8.567176276597175e-05    7    2    6    5
 0.001937177371158689    7    2    6    6
 -0.0001793450606379831    7    2    7    1
 0.001389641764260137    7    2    7    2
 -0.01996223235994939    7    3    1    1
 -0.0005366880502120503    7    3    2    1
 -0.01925064030390661    7    3    2    2
 1.904643598226991e-05    7    3    3    1
 -4.832216850446865e-05    7    3    3    2
 -0.01543989410445147    7    3    3    3
 1.415429694782694e-05    7    3    4    1
 0.0006241974279294995    7    3    4    2
 -6.000464962475553e-05    7    3    4    3
 -0.01897331572177555    7    3    4    4
 -0.0002197386466367154    7    3    5    1
 0.0005152310172372413    7    3    5    2
 4.701511389220024e-05    7    3    5    3
 -0.0003866923896323992    7    3    5    4
 -0.01702051820541375    7    3    5    5
 -0.0001027300748606026    7    3    6    1
 0.001007858327152455    7    3    6    2
 -0.0001836509436034795    7    3    6    3
 -0.0007620519218397818    7    3    6    4
 -0.00115587759039031    7    3    6    5
 -0.01694061726454732    7    3    6    6
 4.352072682345256e-05    7    3    7    1
 -0.0001876266500746309    7    3    7    2
 0.004035930449941412    7    3    7    3
 0.003532113431998854    7    4    1    1
 -0.0001011402838175888    7    4    2    1
 0.003882545250218813    7    4    2    2
 4.511271522978872e-05    7    4    3    1
 -0.0006867216738161963    7    4    3    2
 0.002907000568433133    7    4    3    3
 0.0009151111889151353    7    4    4    1
 0.0001343408996271595    7    4    4    2
 -0.0007272779433870312    7    4    4    3
 0.003770472461961038    7    4    4    4
 -2.53432828911246e-05    7    4    5    1
 -0.0003811617995700698    7    4    5    2
 -0.000343890785955803    7    4    5    3
 -6.480540585368218e-06    7    4    5    4
 0.003192525746776699    7    4    5    5
 1.907367969419335e-05    7    4    6    1
 -0.0001850752404774101    7    4    6    2
 0.0003235059726795251    7    4    6    3
 -1.057960932499089e-05    7    4    6    4
 0.0001723868841546174    7    4    6    5
 0.004230445546060249    7    4    6    6
 0.0001426550036511672    7    4    7    1
 -0.0009712832597948885    7    4    7    2
 -0.0004663461558916673    7    4    7    3
 0.001379585424010964    7    4    7    4
 -0.001358557746410518    7    5    1    1
 0.0004983897782891551    7    5    2    1
 -0.0009656705892169393    7    5    2    2
 0.0002573357299940456    7    5    3    1
 -0.0004364752526850146    7    5    3    2
 -0.0006749640691324356    7    5    3    3
 0.0005045229800576119    7    5    4    1
 0.0001884534562268307    7    5    4    2
 0.0004274948221291606    7    5    4    3
 -0.000835126470262822    7    5    4    4
 -0.0001080932800257072    7    5    5    1
 0.0001919830118984033    7    5    5    2
 -0.001411602545284707    7    5    5    3
 0.0002578270434008397    7    5    5    4
 -0.001080574853531384    7    5    5    5
 2.792462381741776e-05    7    5    6    1
 3.397388496319669e-05    7    5    6    2
 0.000171926843601831    7    5    6    3
 -0.0001147677763504021    7    5    6    4
 -7.511721595978926e-05    7    5    6    5
 -0.001119317970807373    7    5    6    6
 7.656964141396745e-05    7    5    7    1
 -0.0005053368339197338    7    5    7    2
 0.0001678967316587012    7    5    7    3
 0.0004650463569212132    7    5    7    4
 0.0007159649938206268    7    5    7    5
 -0.0005848424305704109    7    6    1    1
 -0.0004792300629424898    7    6    2    1
 -0.00113901219069182    7    6    2    2
 -0.0002001865576084464    7    6    3    1
 0.0005800655567617732    7    6    3    2
 -0.001064709415920011    7    6    3    3
 -0.0005665380945201358    7    6    4    1
 -0.0001406426864810448    7    6    4    2
 -0.0004348558293299984    7    6    4    3
 -0.0008443156035523811    7    6    4    4
 2.428934327143655e-05    7    6    5    1
 0.0001224449114537155    7    6    5    2
 0.0006259963566845958    7    6    5    3
 -7.05372281033933e-05    7    6    5    4
 -0.0007941886287754715    7    6    5    5
 -3.924980289000026e-05    7    6    6    1
 5.930651202033716e-05    7    6    6    2
 -0.001399149932620493    7    6    6    3
 0.0002847547265153734    7    6    6    4
 -7.302720351827929e-05    7    6    6    5
 -0.001259834261287019    7    6    6    6
 -0.0001245680796684311    7    6    7    1
 0.0003294672744450697    7    6    7    2
 -6.301214197450126e-05    7    6    7    3
 -0.0003968875915102474    7    6    7    4
 0.0002000122716877087    7    6    7    5
 0.02224961756943698    7    6    7    6
 0.1908160262314025    7    7    1    1
 0.001176271509040856    7    7    2    1
 0.1892884371323304    7    7    2    2
 8.240025085169362e-05    7    7    3    1
 -0.00136218673841887    7    7    3    2
 0.1919305568001863    7    7    3    3
 -0.0001529561024580898    7    7    4    1
 -0.002612276638167784    7    7    4    2
 -0.002552181977569289    7    7    4    3
 0.1896635803035437    7    7    4    4
 0.001491627975520857    7    7    5    1
 -0.00715628067447075    7    7    5    2
 0.0009222190418805951    7    7    5    3
 0.006237983017196576    7    7    5    4
 0.1824893337907399    7    7    5    5
 -0.001089321474476492    7    7    6    1
 -0.008373963952301753    7    7    6    2
 0.0007593801970997756    7    7    6    3
 0.006157911825308221    7    7    6    4
 0.007862817829080155    7    7    6    5
 0.5407847873601573    7    7    6    6
 -0.0008868347754976102    7    7    7    1
 0.002179329196620326    7    7    7    2
 -0.01536318441466208    7    7    7    3
 0.004096226790951905    7    7    7    4
 -0.001091047196688095    7    7    7    5
 -0.0009434029646419342    7    7    7    6
 0.5477781589785534    7    7    7    7
 0.000630272980753913    8    1    1    1
 -0.0006647708906552657    8    1    2    1
 0.0005181191320363421    8    1    2    2
 0.0004216863737559686    8    1    3    1
 -0.0003284726563994839    8    1    3    2
 0.0002375882940852938    8    1    3    3
 0.000171256120474221    8    1    4    1
 6.834085754744396e-05    8    1    4    2
 -0.0001502029476113108    8    1    4    3
 0.0008992522741479809    8    1    4    4
 -0.0003223636419092097    8    1    5    1
 0.0001121045741598515    8    1    5    2
 -0.0001042053158543756    8    1    5    3
 4.086750036363062e-05    8    1    5    4
 0.0004896875343018353    8    1    5    5
 -1.48622373276688e-05    8    1    6    1
 -4.631662573648992e-05    8    1    6    2
 0.0001385630727802769    8    1    6    3
 -9.153877858679436e-06    8    1    6    4
 6.387853457280945e-05    8    1    6    5
 0.0006387033547503001    8    1    6    6
 3.566117394058068e-05    8    1    7    1
 -0.0003909398016479233    8    1    7    2
 -0.0001950796036320777    8    1    7    3
 0.0003790096490733626    8    1    7    4
 0.0001251506827915259    8    1    7    5
 -0.0002438603477177611    8    1    7    6
 0.0002546651307930447    8    1    7    7
 0.0003877842596181365    8    1    8    1
 -0.0125013938908884    8    2    1    1
 -8.601821664063343e-05    8    2    2    1
 -0.01267080306713272    8    2    2    2
 7.647615734500549e-05    8    2    3    1
 -3.366658909252713e-05    8    2    3    2
 -0.009092622720552173    8    2    3    3
 7.937146898972709e-06    8    2    4    1
 -5.75352314198526e-05    8    2    4    2
 9.440726959514427e-05    8    2    4    3
 -0.01186758037499896    8    2    4    4
 -0.0001678703406685377    8    2    5    1
 -0.0001408623965611456    8    2    5    2
 -0.000106898309440975    8    2    5    3
 8.902442544286347e-05    8    2    5    4
 -0.01071617276859038    8    2    5    5
 -2.495197541384528e-06    8    2    6    1
 0.0004982982391326231    8    2    6    2
 3.613666626855635e-05    8    2    6    3
 -0.000403389710961423    8    2    6    4
 -0.0005652647374840122    8    2    6    5
 -0.01043031335080147    8    2    6    6
 1.963062351131221e-06    8    2    7    1
 -0.000345590977959945    8    2    7    2
 0.001518301544811418    8    2    7    3
 -2.895140791418091e-05    8    2    7    4
 0.0002058864501659853    8    2    7    5
 -0.000157474624034625    8    2    7    6
 -0.009069098452537935    8    2    7    7
 1.917275342950243e-05    8    2    8    1
 0.001108254037393894    8    2    8    2
 0.005599112305324317    8    3    1    1
 -0.0003020777125634732    8    3    2    1
 0.004857294924138662    8    3    2    2
 -0.0001002879716438991    8    3    3    1
 6.891434687454794e-05    8    3    3    2
 0.004417472574129943    8    3    3    3
 -0.0002877201730839036    8    3    4    1
 -0.0002980054533628828    8    3    4    2
 -0.0005249305305744796    8    3    4    3
 0.005107180875777656    8    3    4    4
 2.384226199733674e-05    8    3    5    1
 -0.0002871467109305576    8    3    5    2
 0.0003472391730439306    8    3    5    3
 0.0002024293798664865    8    3    5    4
 0.004540413073320436    8    3    5    5
 -4.212037599518834e-05    8    3    6    1
 -0.0001341546245370801    8    3    6    2
 -0.0004363589849531277    8    3    6    3
 0.0002661312088631846    8    3    6    4
 0.0001856164344308728    8    3    6    5
 0.003263470266697627    8    3    6    6
 -0.0001754149942893875    8    3    7    1
 0.0009449003135691175    8    3    7    2
 -0.0004880354524759389    8    3    7    3
 -0.0006634757905965749    8    3    7    4
 -0.0002973619469009995    8    3    7    5
 0.0002926823224731003    8    3    7    6
 0.00293288860667888    8    3    7    7
 -0.0003271651301031836    8    3    8    1
 -0.0004524629471953097    8    3    8    2
 0.001246155239381619    8    3    8    3
 -0.003830385048564906    8    4    1    1
 2.07835280955601e-05    8    4    2    1
 -0.003375204849473737    8    4    2    2
 -0.0002635037668235602    8    4    3    1
 9.67913191831261e-06    8    4    3    2
 -0.002584507551641399    8    4    3    3
 -1.454574495152082e-05    8    4    4    1
 -0.000339580522797297    8    4    4    2
 0.0001237280207835519    8    4    4    3
 -0.003934630220053415    8    4    4    4
 -8.346431242347185e-06    8    4    5    1
 -0.0001162246642479939    8    4    5    2
 -4.451683288101655e-06    8    4    5    3
 -0.0003002195581248843    8    4    5    4
 -0.003276664378302393    8    4    5    5
 -2.869052388254454e-05    8    4    6    1
 0.0002029378370835012    8    4    6    2
 3.722673932063249e-06    8    4    6    3
 -0.0002435155770425374    8    4    6    4
 -0.0003046496085054723    8    4    6    5
 -0.003434778348631115    8    4    6    6
 4.403283563203206e-05    8    4    7    1
 -6.24190717806011e-05    8    4    7    2
 0.000572688626129606    8    4    7    3
 -8.923433098596993e-05    8    4    7    4
 1.241000476126119e-05    8    4    7    5
 -3.438048342520028e-05    8    4    7    6
 -0.002713457022167986    8    4    7    7
 -2.076497073648992e-05    8    4    8    1
 0.0002700020028771023    8    4    8    2
 -0.0001568316362456848    8    4    8    3
 0.000340653682252131    8    4    8    4
 -0.00932442051090813    8    5    1    1
 -0.0003793202844568199    8    5    2    1
 -0.008423080797791421    8    5    2    2
 -0.0001260232540890078    8    5    3    1
 -6.272639310984633e-06    8    5    3    2
 -0.006455642436170203    8    5    3    3
 -0.0001640144324979153    8    5    4    1
 -0.0002160504191996645    8    5    4    2
 -9.103594838882284e-05    8    5    4    3
 -0.008417723015945776    8    5    4    4
 -9.583473574591412e-05    8    5    5    1
 -0.000363666779331889    8    5    5    2
 0.0002755803386072139    8    5    5    3
 -0.0002110166097119888    8    5    5    4
 -0.008353007400301088    8    5    5    5
 -3.265817022423358e-06    8    5    6    1
 0.000267789904274156    8    5    6    2
 -0.0001036930194246639    8    5    6    3
 -0.0002775429651477097    8    5    6    4
 -0.000473451798208938    8    5    6    5
 -0.005645925849332808    8    5    6    6
 5.46219644265283e-05    8    5    7    1
 9.418091252352886e-05    8    5    7    2
 0.0007921542737292381    8    5    7    3
 -0.0002513157587129379    8    5    7    4
 -2.635935560688171e-05    8    5    7    5
 0.0001086734200314966    8    5    7    6
 -0.005405595042508211    8    5    7    7
 -8.634373938188658e-05    8    5    8    1
 0.0003574407043570153    8    5    8    2
 -5.15173353823282e-05    8    5    8    3
 0.0002417315788334707    8    5    8    4
 0.0005522428892938205    8    5    8    5
 -0.005495257151059603    8    6    1    1
 -5.674900422212467e-05    8    6    2    1
 -0.005283602938176804    8    6    2    2
 4.340965923312143e-05    8    6    3    1
 9.168605001953181e-05    8    6    3    2
 -0.005607045236915153    8    6    3    3
 -4.953257661037567e-05    8    6    4    1
 0.0001629095504333897    8    6    4    2
 0.0001819319691805533    8    6    4    3
 -0.005238479264765034    8    6    4    4
 -7.663413079866313e-05    8    6    5    1
 0.0004365294435708633    8    6    5    2
 -1.539273433143869e-05    8    6    5    3
 -0.0002850739500420912    8    6    5    4
 -0.005196524120326605    8    6    5    5
 0.0001758827881417886    8    6    6    1
 -0.0004194490478224102    8    6    6    2
 0.0002596961391760958    8    6    6    3
 -0.000179010270543447    8    6    6    4
 -0.0003213148313643612    8    6    6    5
 -0.01206563326809888    8    6    6    6
 -5.731038116872558e-05    8    6    7    1
 -0.0001729717907221081    8    6    7    2
 0.0003608316518708722    8    6    7    3
 -0.0002010333161689933    8    6    7    4
 1.111219262049212e-05    8    6    7    5
 -0.000253526592748171    8    6    7    6
 -0.01657343627077546    8    6    7    7
 4.398879376896652e-05    8    6    8    1
 -0.0002897917567274634    8    6    8    2
 1.222871615686558e-05    8    6    8    3
 0.000292741015713407    8    6    8    4
 0.0007208995307709297    8    6    8    5
 0.02528845090727685    8    6    8    6
 -0.002167183341035488    8    7    1    1
 -0.0002814966661411119    8    7    2    1
 -0.002369468999983503    8    7    2    2
 -0.0001434169377919842    8    7    3    1
 0.0004352404342116216    8    7    3    2
 -0.002512287393664107    8    7    3    3
 -0.0002496558121024444    8    7    4    1
 -6.432751272749672e-06    8    7    4    2
 -4.515193023272839e-05    8    7    4    3
 -0.002276207893725135    8    7    4    4
 2.960442920304151e-05    8    7    5    1
 0.000225353976682599    8    7    5    2
 0.0003778276408375684    8    7    5    3
 -0.0002046188574063314    8    7    5    4
 -0.002124298361393424    8    7    5    5
 -1.054318726182798e-05    8    7    6    1
 -4.223349182279646e-05    8    7    6    2
 -0.000371075105835579    8    7    6    3
 7.625767960931842e-05    8    7    6    4
 -2.700536590708084e-05    8    7    6    5
 -0.003284364728380867    8    7    6    6
 6.644348613978544e-05    8    7    7    1
 4.609830213204751e-07    8    7    7    2
 -7.643320393809715e-05    8    7    7    3
 -0.0004878765705335243    8    7    7    4
 -0.0002449423019971651    8    7    7    5
 0.002091409530391389    8    7    7    6
 -0.004422989991658286    8    7    7    7
 -0.0001584801509959881    8    7    8    1
 -6.317849248300204e-05    8    7    8    2
 -0.000801975286096568    8    7    8    3
 0.0001597530926047547    8    7    8    4
 4.453101269284893e-05    8    7    8    5
 0.0007926537202546993    8    7    8    6
 0.01748536187457837    8    7    8    7
 0.1896850473498781    8    8    1    1
 0.001291786566008861    8    8    2    1
 0.1891954184234293    8    8    2    2
 -5.139699222446492e-05    8    8    3    1
 -0.001446282865755468    8    8    3    2
 0.1896238529872963    8    8    3    3
 -0.0001354514805802051    8    8    4    1
 -0.002304625435727748    8    8    4    2
 -0.002280283061198464    8    8    4    3
 0.1891455260773492    8    8    4    4
 0.001488834285431822    8    8    5    1
 -0.006917275449037892    8    8    5    2
 0.0005989132539459132    8    8    5    3
 0.005863433260550124    8    8    5    4
 0.1814316552796203    8    8    5    5
 -0.001071397062331197    8    8    6    1
 -0.01085224405893609    8    8    6    2
 0.001024715251794351    8    8    6    3
 0.008112971690536182    8    8    6    4
 0.009725904290544315    8    8    6    5
 0.6083006654160499    8    8    6    6
 -0.0007429365723713315    8    8    7    1
 0.00211545481062707    8    8    7    2
 -0.01885947237334662    8    8    7    3
 0.004838148592970858    8    8    7    4
 -0.001162214062304688    8    8    7    5
 -0.001566654644738853    8    8    7    6
 0.5770623401569394    8    8    7    7
 0.0006737402621606022    8    8    8    1
 -0.01237074502921849    8    8    8    2
 0.003713454506502912    8    8    8    3
 -0.00416007748081521    8    8    8    4
 -0.007009361754709217    8    8    8    5
 -0.01492770794710475    8    8    8    6
 -0.00324732745666603    8    8    8    7
 0.6938088952396233    8    8    8    8
 -0.002069558253087322    9    1    1    1
 -0.0005255066583960177    9    1    2    1
 -0.001914457343818827    9    1    2    2
 -2.954880799880384e-05    9    1    3    1
 -0.0001915399409453958    9    1    3    2
 -0.001842443128508945    9    1    3    3
 0.0006014303540415659    9    1    4    1
 6.40077271146885e-05    9    1    4    2
 -0.0003692863441098634    9    1    4    3
 -0.001741862522695404    9    1    4    4
 -0.0003898193855075236    9    1    5    1
 -1.606653450348795e-05    9    1    5    2
 0.0001090837126628128    9    1    5    3
 -0.0001384591058689347    9    1    5    4
 -0.001714142190238606    9    1    5    5
 -6.628485857875631e-05    9    1    6    1
 4.614134726452838e-05    9    1    6    2
 -0.0001248973971654204    9    1    6    3
 -2.754750599802508e-06    9    1    6    4
 -2.921872786870067e-05    9    1    6    5
 -0.001763272998841308    9    1    6    6
 9.208924791247666e-06    9    1    7    1
 0.0002500556902923758    9    1    7    2
 3.520085757992548e-05    9    1    7    3
 -0.0003096060262756206    9    1    7    4
 -9.321447402814155e-05    9    1    7    5
 0.0002408482560274821    9    1    7    6
 -0.001836165358267054    9    1    7    7
 -4.763489964470143e-05    9    1    8    1
 -1.37356496895903e-05    9    1    8    2
 0.000188777286697944    9    1    8    3
 -1.692284383312948e-06    9    1    8    4
 6.956333421454563e-05    9    1    8    5
 1.871722125929871e-05    9    1    8    6
 0.0001033020527420838    9    1    8    7
 -0.002130452954529313    9    1    8    8
 0.0003191797125089152    9    1    9    1
 -0.002908084347730606    9    2    1    1
 -0.0002617724264718527    9    2    2    1
 -0.002897425821168028    9    2    2    2
 -0.000229680537202475    9    2    3    1
 -9.180516395756201e-05    9    2    3    2
 -0.002465453655725097    9    2    3    3
 0.0001155804342058653    9    2    4    1
 0.0003778522215630076    9    2    4    2
 -0.0001485731412897864    9    2    4    3
 -0.002949422890952389    9    2    4    4
 -5.593250165931583e-05    9    2    5    1
 -0.0002858927508982506    9    2    5    2
 6.308885013331896e-05    9    2    5    3
 -0.0001768515544327839    9    2    5    4
 -0.002459217093208804    9    2    5    5
 2.335165618546616e-05    9    2    6    1
 2.661477245266699e-05    9    2    6    2
 -4.009727006171672e-05    9    2    6    3
 -4.519736850156099e-05    9    2    6    4
 -1.703769621118391e-05    9    2    6    5
 -0.002517036647946819    9    2    6    6
 -5.111911303571119e-06    9    2    7    1
 0.0001207243856274399    9    2    7    2
 0.0002152125395067686    9    2    7    3
 -0.0001550322855932552    9    2    7    4
 -4.414961722918679e-05    9    2    7    5
 6.89964751798139e-05    9    2    7    6
 -0.002502114394486077    9    2    7    7
 -6.542631929589592e-05    9    2    8    1
 0.0001341929168740625    9    2    8    2
 6.283738730537898e-05    9    2    8    3
 -3.30498485607405e-05    9    2    8    4
 7.844974692626619e-05    9    2    8    5
 0.0001318583913613799    9    2    8    6
 7.071721879541266e-05    9    2    8    7
 -0.003165859922472882    9    2    8    8
 9.329946068917764e-05    9    2    9    1
 0.0002645214190378235    9    2    9    2
 -0.001922266952439813    9    3    1    1
 -0.0004099260716880155    9    3    2    1
 -0.002388604431701997    9    3    2    2
 -0.0001906782158743466    9    3    3    1
 0.0004621498837267271    9    3    3    2
 -0.002086759408481638    9    3    3    3
 -0.000581681827579721    9    3    4    1
 -2.967511232620939e-05    9    3    4    2
 -8.277749375500459e-05    9    3    4    3
 -0.002051267288859259    9    3    4    4
 3.833046245593733e-05    9    3    5    1
 0.0002463534802308444    9    3    5    2
 0.0004043878076624469    9    3    5    3
 -0.0001613189536350825    9    3    5    4
 -0.001809165094175642    9    3    5    5
 -8.140611256399365e-05    9    3    6    1
 9.074238261708559e-05    9    3    6    2
 -0.0005446508597526654    9    3    6    3
 0.0001102621157960365    9    3    6    4
 -7.631668021842411e-05    9    3    6    5
 -0.001362289649958844    9    3    6    6
 -0.0001765586609274807    9    3    7    1
 0.000990426007625258    9    3    7    2
 0.0001675033423209551    9    3    7    3
 -0.001074117669418506    9    3    7    4
 -0.0002909435834109713    9    3    7    5
 0.0004121277327907434    9    3    7    6
 -0.001193705332010044    9    3    7    7
 -0.0004043461403920721    9    3    8    1
 -0.0001167400205199515    9    3    8    2
 0.0009498524359353983    9    3    8    3
 -1.383667410085888e-06    9    3    8    4
 0.0001703655424197922    9    3    8    5
 0.0003050037488488948    9    3    8    6
 0.0005773705703367081    9    3    8    7
 -0.002085740716048274    9    3    8    8
 0.0003192900285979506    9    3    9    1
 0.0001316395186056261    9    3    9    2
 0.001528488413997229    9    3    9    3
 0.01119850661602305    9    4    1    1
 4.420259888799593e-05    9    4    2    1
 0.01085027518220734    9    4    2    2
 -5.709807078015183e-05    9    4    3    1
 -0.000123946017994161    9    4    3    2
 0.008225262866303044    9    4    3    3
 5.286897715498699e-05    9    4    4    1
 -0.0001174882598021945    9    4    4    2
 -4.103392686985288e-05    9    4    4    3
 0.01137542999731228    9    4    4    4
 9.844551250476455e-05    9    4    5    1
 -8.303413466980648e-05    9    4    5    2
 -3.352887384896936e-05    9    4    5    3
 -0.0002923042199640792    9    4    5    4
 0.00960936232201993    9    4    5    5
 8.040515293806698e-06    9    4    6    1
 -0.0004911204501759982    9    4    6    2
 0.0001379482968572882    9    4    6    3
 0.0003265358828318827    9    4    6    4
 0.0005288326388305655    9    4    6    5
 0.01006412672666236    9    4    6    6
 -9.42744862385263e-05    9    4    7    1
 5.400206106853275e-05    9    4    7    2
 -0.001455478897349087    9    4    7    3
 0.0002424028202961659    9    4    7    4
 -3.079962452708587e-05    9    4    7    5
 -3.059646052434905e-05    9    4    7    6
 0.008481371304839424    9    4    7    7
 8.682331941479564e-05    9    4    8    1
 -0.0007187967434638176    9    4    8    2
 0.0001943619038891723    9    4    8    3
 -0.0002504611689819877    9    4    8    4
 -0.0003728369878582203    9    4    8    5
 9.17721269736763e-05    9    4    8    6
 -0.0001305982686588424    9    4    8    7
 0.01125855637349823    9    4    8    8
 -6.056143070216317e-05    9    4    9    1
 -0.0001622847016264918    9    4    9    2
 -0.0001105351602297226    9    4    9    3
 0.0009655470676228088    9    4    9    4
 -0.01135165259580422    9    5    1    1
 -0.0001577114880024904    9    5    2    1
 -0.01023093385958618    9    5    2    2
 0.000139736996734529    9    5    3    1
 -1.943814885097169e-06    9    5    3    2
 -0.007765994426945539    9    5    3    3
 -3.967876870031353e-06    9    5    4    1
 -0.0001997551403023927    9    5    4    2
 -3.769479135131682e-05    9    5    4    3
 -0.01012828753484978    9    5    4    4
 -0.0002185293712598392    9    5    5    1
 1.636336020510003e-05    9    5    5    2
 -4.043349634235874e-05    9    5    5    3
 0.0004046280023171332    9    5    5    4
 -0.01016029866086228    9    5    5    5
 -2.008530275712431e-05    9    5    6    1
 0.0003959170444604614    9    5    6    2
 -4.653610643992452e-05    9    5    6    3
 -0.0002485815531326867    9    5    6    4
 -0.0005765987637384008    9    5    6    5
 -0.006584008981274743    9    5    6    6
 -1.211072343432081e-05    9    5    7    1
 -9.983260173454694e-05    9    5    7    2
 0.001000830776828667    9    5    7    3
 -0.0001449879695537726    9    5    7    4
 6.375769158644637e-05    9    5    7    5
 -2.498032896484973e-06    9    5    7    6
 -0.006185901834681838    9    5    7    7
 -3.701953012883153e-05    9    5    8    1
 0.000509611338785865    9    5    8    2
 -0.0001539617809470857    9    5    8    3
 0.0002043057838050018    9    5    8    4
 0.0004022532435023167    9    5    8    5
 5.584004395770115e-05    9    5    8    6
 9.376136469518541e-05    9    5    8    7
 -0.00727326150122793    9    5    8    8
 4.797592992968497e-05    9    5    9    1
 1.212812744080258e-05    9    5    9    2
 5.466757794260996e-05    9    5    9    3
 -0.0004428719758710596    9    5    9    4
 0.0006641554210465267    9    5    9    5
 -0.007776261020607101    9    6    1    1
 -8.245054903095564e-05    9    6    2    1
 -0.00747786966717375    9    6    2    2
 -8.192642949887657e-05    9    6    3    1
 9.400018986721831e-05    9    6    3    2
 -0.007810856294998001    9    6    3    3
 1.742432356882479e-05    9    6    4    1
 0.0002055716653223702    9    6    4    2
 0.0002238805489236496    9    6    4    3
 -0.007599772986610792    9    6    4    4
 -6.453575968567361e-05    9    6    5    1
 0.0004274326385536913    9    6    5    2
 -0.0001348543164553873    9    6    5    3
 -0.0004836445302568174    9    6    5    4
 -0.007292243969782918    9    6    5    5
 0.0001164848666599231    9    6    6    1
 0.0001412637894058029    9    6    6    2
 -0.0001998440849861309    9    6    6    3
 0.0003154047431107138    9    6    6    4
 -0.0005737485815516675    9    6    6    5
 -0.02042652038424282    9    6    6    6
 0.000218215970684215    9    6    7    1
 -0.0002101111264101376    9    6    7    2
 0.0006331698185247177    9    6    7    3
 -0.0002248899344034943    9    6    7    4
 0.0001035779417211104    9    6    7    5
 0.00108886421290151    9    6    7    6
 -0.02439464084675729    9    6    7    7
 9.521767506197181e-05    9    6    8    1
 0.0001678767776632672    9    6    8    2
 -0.0002877996320320788    9    6    8    3
 -0.0001124937942173745    9    6    8    4
 0.0001522107063621714    9    6    8    5
 0.003200664506831171    9    6    8    6
 0.002748052481797473    9    6    8    7
 -0.01197485127375823    9    6    8    8
 0.0001338463833267607    9    6    9    1
 -0.0002144156591463849    9    6    9    2
 -0.0001216562383472048    9    6    9    3
 0.0001315947086448721    9    6    9    4
 0.0008080707515191439    9    6    9    5
 0.02500511282422362    9    6    9    6
 0.001438860829665123    9    7    1    1
 -0.0003286838150698053    9    7    2    1
 0.001018620814482158    9    7    2    2
 -0.0001903913883240029    9    7    3    1
 0.0003594396724473392    9    7    3    2
 0.001162313589543446    9    7    3    3
 -0.0004452336643718847    9    7    4    1
 -0.0001676410431169874    9    7    4    2
 -0.0005268354108565661    9    7    4    3
 0.00113440584423099    9    7    4    4
 1.810100916402333e-05    9    7    5    1
 -0.000120794393333918    9    7    5    2
 0.0006589041307618783    9    7    5    3
 3.285186779993729e-05    9    7    5    4
 0.001154254502133552    9    7    5    5
 6.230909674850967e-06    9    7    6    1
 5.470757739759502e-05    9    7    6    2
 -0.000546120919232253    9    7    6    3
 8.676769221765732e-05    9    7    6    4
 -2.662699472822704e-05    9    7    6    5
 -4.678196491533622e-05    9    7    6    6
 -3.201821363892424e-05    9    7    7    1
 0.0005372247850144291    9    7    7    2
 4.343024362067109e-05    9    7    7    3
 -0.0001866583253433495    9    7    7    4
 -0.0003197610266119774    9    7    7    5
 0.002766945055276469    9    7    7    6
 0.002333367329868595    9    7    7    7
 -0.0001627015664005299    9    7    8    1
 -0.0001629250939402426    9    7    8    2
 0.0006762614837832203    9    7    8    3
 -0.0001514850150792286    9    7    8    4
 -1.310768895719558e-05    9    7    8    5
 -0.003567826143846646    9    7    8    6
 -0.002255848026568282    9    7    8    7
 0.005815321761616978    9    7    8    8
 0.0001870020717631323    9    7    9    1
 -4.303744890466963e-06    9    7    9    2
 -0.0005439346062682106    9    7    9    3
 0.0001157830283046038    9    7    9    4
 -4.649337150989451e-05    9    7    9    5
 0.001529988450764793    9    7    9    6
 0.01811035703495896    9    7    9    7
 0.002443137380080296    9    8    1    1
 -3.524052125998071e-05    9    8    2    1
 0.002287978778738871    9    8    2    2
 -3.764844034477909e-05    9    8    3    1
 4.256882039598126e-05    9    8    3    2
 0.002522070131626374    9    8    3    3
 -8.705181599857259e-05    9    8    4    1
 -0.0002086082292294864    9    8    4    2
 -0.0001372346266234827    9    8    4    3
 0.002268868588634291    9    8    4    4
 3.633977356363412e-05    9    8    5    1
 -0.0001813363296267223    9    8    5    2
 0.0001438285987693404    9    8    5    3
 0.0001660452761143181    9    8    5    4
 0.002256439627923195    9    8    5    5
 -4.516793014088118e-06    9    8    6    1
 0.0002253533078220927    9    8    6    2
 -9.754829636253366e-05    9    8    6    3
 -0.0001435436305633114    9    8    6    4
 6.606312312266996e-05    9    8    6    5
 0.001689388316336279    9    8    6    6
 -7.722194477959468e-05    9    8    7    1
 0.0002349908012234858    9    8    7    2
 -0.0005615525564872667    9    8    7    3
 8.605604459221126e-05    9    8    7    4
 -7.692399516322015e-05    9    8    7    5
 0.0009353980319210381    9    8    7    6
 0.01362704237624689    9    8    7    7
 -0.0001351533444667696    9    8    8    1
 -0.0001709535970257915    9    8    8    2
 0.0002184506255019163    9    8    8    3
 0.0003038070069131838    9    8    8    4
 -0.0003939327001534583    9    8    8    5
 -0.005486595852154022    9    8    8    6
 -0.002245644434564706    9    8    8    7
 0.007719338758291487    9    8    8    8
 1.653873217608778e-05    9    8    9    1
 -0.0003972854029343555    9    8    9    2
 7.282743105846323e-05    9    8    9    3
 -8.182528131447896e-05    9    8    9    4
 -0.0004045182454685043    9    8    9    5
 -0.005321455741334567    9    8    9    6
 0.002580854309031672    9    8    9    7
 0.01989493336076342    9    8    9    8
 0.1886591699590512    9    9    1    1
 0.001334937817060778    9    9    2    1
 0.1879846500918045    9    9    2    2
 0.0002223681010755544    9    9    3    1
 -0.001401310731567798    9    9    3    2
 0.1887542562088352    9    9    3    3
 -0.000185637844500605    9    9    4    1
 -0.002374577793430283    9    9    4    2
 -0.002182352003145084    9    9    4    3
 0.18840404721892    9    9    4    4
 0.001450021887987802    9    9    5    1
 -0.006808889547044934    9    9    5    2
 0.0006333591898841112    9    9    5    3
 0.005919053821447476    9    9    5    4
 0.180513390443814    9    9    5    5
 -0.0009830852035687934    9    9    6    1
 -0.01093681610454147    9    9    6    2
 0.001500028072291634    9    9    6    3
 0.007950458711906618    9    9    6    4
 0.00983413465927058    9    9    6    5
 0.6119761319271029    9    9    6    6
 -0.001002482352123709    9    9    7    1
 0.002167823911553358    9    9    7    2
 -0.01896000247759838    9    9    7    3
 0.004834916547599164    9    9    7    4
 -0.001248420822977605    9    9    7    5
 -0.004683957837456512    9    9    7    6
 0.5779647782661723    9    9    7    7
 0.0006651332641059261    9    9    8    1
 -0.01178128844347966    9    9    8    2
 0.003987899869931303    9    9    8    3
 -0.00367600178567799    9    9    8    4
 -0.006273958120670468    9    9    8    5
 -0.003994191120192694    9    9    8    6
 -0.008269572402140568    9    9    8    7
 0.6546049193202559    9    9    8    8
 -0.002318736760089011    9    9    9    1
 -0.003091521075307917    9    9    9    2
 -0.001810437011738646    9    9    9    3
 0.01198355469433812    9    9    9    4
 -0.008009374581198339    9    9    9    5
 -0.02305820479391623    9    9    9    6
 0.0007478429149716585    9    9    9    7
 0.00780273302092334    9    9    9    8
 0.6955754847755735    9    9    9    9
 -0.004724898033689313   10    1    1    1
 -0.0005000174846189189   10    1    2    1
 -0.004082875261665937   10    1    2    2
 2.456331766785058e-06   10    1    3    1
 -9.179550207696863e-05   10    1    3    2
 -0.002921090222411885   10    1    3    3
 0.0002182908854116619   10    1    4    1
 4.635649910173566e-05   10    1    4    2
 -0.000258709248308532   10    1    4    3
 -0.003920207551942035   10    1    4    4
 -0.0001943944195464531   10    1    5    1
 -6.643734958233716e-05   10    1    5    2
 0.0001424788587116165   10    1    5    3
 -1.9680562339946e-05   10    1    5    4
 -0.003914425439677973   10    1    5    5
 -6.931281295830937e-05   10    1    6    1
 0.0003006184661806128   10    1    6    2
 -0.0001014930359464817   10    1    6    3
 -0.0002096670300855999   10    1    6    4
 -0.000400313368990321   10    1    6    5
 -0.004050994851869797   10    1    6    6
 -1.08362821030627e-05   10    1    7    1
 0.0001379113427427036   10    1    7    2
 0.0009089209018854062   10    1    7    3
 -0.0002525924024664167   10    1    7    4
 -2.736979352029393e-05   10    1    7    5
 4.768158418465407e-05   10    1    7    6
 -0.003008962876508005   10    1    7    7
 -0.0001427777081403274   10    1    8    1
 0.0003560680431511756   10    1    8    2
 5.132212334488685e-05   10    1    8    3
 0.0002483510789847717   10    1    8    4
 0.0002552660593646528   10    1    8    5
 -2.353932644661377e-05   10    1    8    6
 -5.42442897327076e-05   10    1    8    7
 -0.004160868788520051   10    1    8    8
 9.390259365355384e-05   10    1    9    1
 -8.132117170819928e-06   10    1    9    2
 0.0001997766540383601   10    1    9    3
 -0.0003845406009387174   10    1    9    4
 0.000296961390191288   10    1    9    5
 4.093100233176826e-05   10    1    9    6
 0.0001554872122289858   10    1    9    7
 -1.960229569290849e-05   10    1    9    8
 -0.004231272960095262   10    1    9    9
 0.0004616388103413605   10    1   10    1
 -0.004546831881866234   10    2    1    1
 -0.0001800356727742643   10    2    2    1
 -0.004444427827674563   10    2    2    2
 6.625159339848375e-05   10    2    3    1
 -0.0002233401881516822   10    2    3    2
 -0.003487941333938053   10    2    3    3
 0.0002584257554073872   10    2    4    1
 0.0003126966430602748   10    2    4    2
 6.805616829896157e-05   10    2    4    3
 -0.004191405632252137   10    2    4    4
 -0.0001250577937512871   10    2    5    1
 4.889379777339514e-05   10    2    5    2
 -0.0002423301350240651   10    2    5    3
 -9.91250962908554e-05   10    2    5    4
 -0.003705337916658388   10    2    5    5
 2.899841376106808e-05   10    2    6    1
 0.0001547001215638464   10    2    6    2
 9.297216707022493e-05   10    2    6    3
 -0.0001773239494877293   10    2    6    4
 -0.0001738520730328735   10    2    6    5
 -0.003687581895850476   10    2    6    6
 5.898245934977051e-05   10    2    7    1
 -0.0003354409274045325   10    2    7    2
 0.0004010113018000163   10    2    7    3
 0.0001959533801947541   10    2    7    4
 0.0001315726662149144   10    2    7    5
 -0.0001522517275658061   10    2    7    6
 -0.003460902225197081   10    2    7    7
 0.0001839155320576611   10    2    8    1
 0.0003357483346582264   10    2    8    2
 -0.0003537896221341992   10    2    8    3
 9.614682013805646e-05   10    2    8    4
 0.0001124735706514465   10    2    8    5
 0.000202355825348886   10    2    8    6
 -0.0004406139610685352   10    2    8    7
 -0.003988611941952025   10    2    8    8
 -7.964376596574485e-05   10    2    9    1
 -1.554073559001676e-05   10    2    9    2
 -0.0002782930357367287   10    2    9    3
 -0.000190187751481147   10    2    9    4
 0.0001582152299518485   10    2    9    5
 8.04746794862528e-05   10    2    9    6
 0.0001443798564772342   10    2    9    7
 -9.817028482474173e-07   10    2    9    8
 -0.003639065787873519   10    2    9    9
 1.930947651826365e-05   10    2   10    1
 0.0003865383450329321   10    2   10    2
 -0.0003247961419866069   10    3    1    1
 3.569271109075922e-05   10    3    2    1
 -0.0002063077859107631   10    3    2    2
 -0.0002263549276025887   10    3    3    1
 5.932197516887754e-05   10    3    3    2
 -0.0003204867885413744   10    3    3    3
 1.975748350911539e-05   10    3    4    1
 2.583284284829453e-05   10    3    4    2
 -2.750492211591947e-05   10    3    4    3
 -0.0004741307867069854   10    3    4    4
 5.076634883001693e-05   10    3    5    1
 -0.000103966095837313   10    3    5    2
 -1.075964778978741e-05   10    3    5    3
 -0.0001268041234259654   10    3    5    4
 -0.000287816083903452   10    3    5    5
 -2.715474716631991e-05   10    3    6    1
 6.603534309887134e-05   10    3    6    2
 -6.90944226261396e-05   10    3    6    3
 6.868189235371263e-05   10    3    6    4
 -3.492716722657379e-05   10    3    6    5
 -0.0002660372223406675   10    3    6    6
 2.591134030623578e-05   10    3    7    1
 0.0001289689568880891   10    3    7    2
 6.163643052542835e-05   10    3    7    3
 -0.0001417940399272113   10    3    7    4
 -8.693100019326706e-05   10    3    7    5
 -0.0001037390347410717   10    3    7    6
 -0.000126977165064906   10    3    7    7
 -4.295619543957378e-05   10    3    8    1
 -7.725655948433415e-05   10    3    8    2
 0.0001276133746253818   10    3    8    3
 -1.081181519244947e-05   10    3    8    4
 -7.838463864154698e-05   10    3    8    5
 -0.0004631846826430229   10    3    8    6
 0.0001574073966099024   10    3    8    7
 0.0001709131101102153   10    3    8    8
 5.087511669810263e-05   10    3    9    1
 1.244075004345768e-05   10    3    9    2
 0.0001384578413737991   10    3    9    3
 -7.819427710319803e-05   10    3    9    4
 9.172383261176519e-05   10    3    9    5
 0.0004291554240949462   10    3    9    6
 0.0001629219442028673   10    3    9    7
 -1.464199268465823e-05   10    3    9    8
 -0.0005364972101731102   10    3    9    9
 4.691703648353461e-05   10    3   10    1
 -6.720446029037598e-05   10    3   10    2
 0.000379896462673168   10    3   10    3
 0.00513582916398387   10    4    1    1
 0.0002684779699696113   10    4    2    1
 0.00520453927534098   10    4    2    2
 6.733552053510625e-05   10    4    3    1
 -0.0001927864793134105   10    4    3    2
 0.004173967659502349   10    4    3    3
 8.145762600375489e-05   10    4    4    1
 -0.0001387325834595799   10    4    4    2
 0.000139699437767927   10    4    4    3
 0.00538431879307517   10    4    4    4
 7.137789707206678e-05   10    4    5    1
 -0.0001233670092360912   10    4    5    2
 -0.0002513934087648522   10    4    5    3
 3.634051500494491e-05   10    4    5    4
 0.004371416229726179   10    4    5    5
 3.400884813622433e-05   10    4    6    1
 -0.0001987867158431958   10    4    6    2
 0.0001885360703116766   10    4    6    3
 7.550955356811418e-05   10    4    6    4
 0.000193463667685015   10    4    6    5
 0.004334305686248281   10    4    6    6
 2.095390526131619e-05   10    4    7    1
 -0.0003465834851059984   10    4    7    2
 -0.0004594777037896224   10    4    7    3
 0.0004821144129252429   10    4    7    4
 0.0001192755583300801   10    4    7    5
 -0.0001032090092218672   10    4    7    6
 0.003895478996229493   10    4    7    7
 0.0002350015641614424   10    4    8    1
 -0.0001476603511255684   10    4    8    2
 -0.000247052553766721   10    4    8    3
 -6.316091778744839e-05   10    4    8    4
 -0.0001801243858831127   10    4    8    5
 5.172533960995079e-05   10    4    8    6
 0.0001816712210472482   10    4    8    7
 0.004554391225056684   10    4    8    8
 -0.000227742517959137   10    4    9    1
 -0.000118199250936992   10    4    9    2
 -0.0004630050525659552   10    4    9    3
 0.000275030932052303   10    4    9    4
 -0.0001964281907332278   10    4    9    5
 -0.0001905327111716738   10    4    9    6
 -0.0004151666002552761   10    4    9    7
 -2.692277226140147e-05   10    4    9    8
 0.004594114792650849   10    4    9    9
 -0.0002079592590879593   10    4   10    1
 -1.844500047382139e-05   10    4   10    2
 -0.0001131504307289165   10    4   10    3
 0.0005023696765783196   10    4   10    4
 -0.004776063393627832   10    5    1    1
 -0.000214262086366691   10    5    2    1
 -0.004245278060745568   10    5    2    2
 6.529624480425127e-05   10    5    3    1
 -3.292406481736284e-05   10    5    3    2
 -0.003439474271488656   10    5    3    3
 5.469724053669256e-05   10    5    4    1
 -6.406460858920357e-05   10    5    4    2
 -2.075403869615652e-05   10    5    4    3
 -0.004156729604293981   10    5    4    4
 -0.000211210188749378   10    5    5    1
 7.054953132239791e-05   10    5    5    2
 -7.131074852868633e-06   10    5    5    3
 3.599237080221812e-05   10    5    5    4
 -0.004103349879942589   10    5    5    5
 -3.627592683917741e-06   10    5    6    1
 0.000104935212172514   10    5    6    2
 -2.659575480085419e-05   10    5    6    3
 -6.101953153076139e-05   10    5    6    4
 -0.0001478126214520299   10    5    6    5
 -0.002749540237030277   10    5    6    6
 -1.12476798710529e-05   10    5    7    1
 1.263672527536211e-05   10    5    7    2
 0.0002190165026164291   10    5    7    3
 -5.514145108697108e-05   10    5    7    4
 1.496827863678273e-05   10    5    7    5
 5.702126338914411e-06   10    5    7    6
 -0.002707577249891614   10    5    7    7
 -2.448167355613176e-05   10    5    8    1
 0.000143845819734664   10    5    8    2
 -6.880574206698547e-05   10    5    8    3
 2.731035633696619e-05   10    5    8    4
 0.000123560282067868   10    5    8    5
 3.082424373673339e-05   10    5    8    6
 -3.228464380718883e-05   10    5    8    7
 -0.002914999552049995   10    5    8    8
 3.035111600932224e-05   10    5    9    1
 5.43314991052608e-05   10    5    9    2
 7.267510940692234e-05   10    5    9    3
 -0.0001492250842474258   10    5    9    4
 0.0001606187463854401   10    5    9    5
 0.000236966818725391   10    5    9    6
 6.963729378489001e-05   10    5    9    7
 -6.686260770432264e-05   10    5    9    8
 -0.002991813636012647   10    5    9    9
 5.697216216992497e-05   10    5   10    1
 -1.1444613158949e-05   10    5   10    2
 3.59385354047872e-05   10    5   10    3
 -2.689308958266616e-05   10    5   10    4
 0.0002209401644503454   10    5   10    5
 -0.001585419771383443   10    6    1    1
 9.659141847704585e-05   10    6    2    1
 -0.001410869012649699   10    6    2    2
 -2.269632768613601e-05   10    6    3    1
 5.377291826935095e-06   10    6    3    2
 -0.001564001317075265   10    6    3    3
 1.938755517730991e-05   10    6    4    1
 4.696859643891039e-05   10    6    4    2
 0.0001344287643086305   10    6    4    3
 -0.001524692983394386   10    6    4    4
 -6.024234547956565e-05   10    6    5    1
 8.244843890627915e-05   10    6    5    2
 -0.000111754824820361   10    6    5    3
 -0.0001094689397169418   10    6    5    4
 -0.001436597323904946   10    6    5    5
 -7.636498287624941e-05   10    6    6    1
 -7.435711188994588e-05   10    6    6    2
 2.461629238233581e-05   10    6    6    3
 0.0001439076679380212   10    6    6    4
 -0.0001743604914350001   10    6    6    5
 -0.005285565497235474   10    6    6    6
 8.647319974864587e-05   10    6    7    1
 -0.0001739196129822375   10    6    7    2
 0.0001839256415803261   10    6    7    3
 -7.575675646740176e-05   10    6    7    4
 4.287773230161505e-05   10    6    7    5
 -0.0006692159119730187   10    6    7    6
 -0.00639599121866328   10    6    7    7
 2.605713818285525e-05   10    6    8    1
 5.612136033843377e-05   10    6    8    2
 -0.0002119810784162703   10    6    8    3
 -2.531819720406526e-05   10    6    8    4
 1.884105693629156e-05   10    6    8    5
 0.001152311727465443   10    6    8    6
 0.001689720717501002   10    6    8    7
 -0.002322201794990171   10    6    8    8
 -3.275134362105888e-06   10    6    9    1
 7.030240406153576e-06   10    6    9    2
 -3.316516587109611e-05   10    6    9    3
 -2.78144795428381e-05   10    6    9    4
 0.0001772064984889978   10    6    9    5
 0.003783072594813841   10    6    9    6
 -0.0006551279123807002   10    6    9    7
 -0.002128830781584317   10    6    9    8
 -0.006098616263444119   10    6    9    9
 -4.371723626745555e-05   10    6   10    1
 -0.0003942736102259539   10    6   10    2
 0.0001924104036522462   10    6   10    3
 0.0002550435545809882   10    6   10    4
 0.000305387112319717   10    6   10    5
 0.01545510536950542   10    6   10    6
 0.0006384217282849252   10    7    1    1
 -3.984650773324705e-05   10    7    2    1
 0.0004288734879275798   10    7    2    2
 0.0002113585244705104   10    7    3    1
 4.413009822150082e-05   10    7    3    2
 0.0006123124335067259   10    7    3    3
 -0.0001081837962126198   10    7    4    1
 -5.333576119096098e-05   10    7    4    2
 -4.204476356049553e-05   10    7    4    3
 0.000751209363832505   10    7    4    4
 -8.205114798770879e-06   10    7    5    1
 2.790242171587653e-05   10    7    5    2
 6.069583308402433e-05   10    7    5    3
 8.360949432951195e-05   10    7    5    4
 0.0005658346383553879   10    7    5    5
 2.040620724917595e-05   10    7    6    1
 -0.0001664059811919079   10    7    6    2
 7.924828628454313e-05   10    7    6    3
 -0.0001031259379568503   10    7    6    4
 6.155924141088282e-05   10    7    6    5
 0.002859433361463623   10    7    6    6
 -0.0001949844588945695   10    7    7    1
 -3.997131867391716e-05   10    7    7    2
 -1.553860380659958e-05   10    7    7    3
 6.801615687467904e-05   10    7    7    4
 -7.289659207126347e-06   10    7    7    5
 0.0007294675980411789   10    7    7    6
 0.001713760645057785   10    7    7    7
 -2.092496521949066e-05   10    7    8    1
 -0.0001013934189553846   10    7    8    2
 0.0001875314632313236   10    7    8    3
 0.0002482270312283287   10    7    8    4
 0.0002417251771363939   10    7    8    5
 0.005828403869161273   10    7    8    6
 -0.001614693019834837   10    7    8    7
 -0.006307160567826256   10    7    8    8
 -3.97543294924944e-05   10    7    9    1
 0.0001731353068084931   10    7    9    2
 0.0002413119786488842   10    7    9    3
 -1.764437371494564e-05   10    7    9    4
 -0.0002269367421303316   10    7    9    5
 -0.005536579420412407   10    7    9    6
 -0.003239502143164134   10    7    9    7
 -0.0001019003905024278   10    7    9    8
 0.007925243579597502   10    7    9    9
 -5.26631553295553e-05   10    7   10    1
 0.0002293016878713865   10    7   10    2
 -0.001130859244700032   10    7   10    3
 0.0001894818246464738   10    7   10    4
 -0.0001243218851965788   10    7   10    5
 -0.002236633206653746   10    7   10    6
 0.02159514105169114   10    7   10    7
 0.0005537252028270142   10    8    1    1
 0.0004337623839952262   10    8    2    1
 0.001133257142508071   10    8    2    2
 9.318956187411122e-05   10    8    3    1
 -0.0004558531721093614   10    8    3    2
 0.000913928660076622   10    8    3    3
 0.0005870174278707908   10    8    4    1
 0.0001200870522834282   10    8    4    2
 0.0003017004211990138   10    8    4    3
 0.0008419276416632036   10    8    4    4
 2.623249701729989e-05   10    8    5    1
 -4.553062193743293e-05   10    8    5    2
 -0.0006093465710900255   10    8    5    3
 7.444691649548767e-05   10    8    5    4
 0.0007340654142590232   10    8    5    5
 -2.664219117936015e-05   10    8    6    1
 -6.631001982389987e-05   10    8    6    2
 0.0005690373308081532   10    8    6    3
 -0.0001585196499272467   10    8    6    4
 0.0001069007297485714   10    8    6    5
 0.002562823712786632   10    8    6    6
 0.0001704180034793621   10    8    7    1
 -0.0004940729440403221   10    8    7    2
 -0.0003538364407202283   10    8    7    3
 0.0004691451573581882   10    8    7    4
 0.000114581434544049   10    8    7    5
 -0.008208709230677772   10    8    7    6
 0.006923827397209372   10    8    7    7
 5.071510326100422e-05   10    8    8    1
 -4.054018361337066e-05   10    8    8    2
 -0.0008704842355953103   10    8    8    3
 0.0001888194644422562   10    8    8    4
 -0.0002998116093084281   10    8    8    5
 -0.001706125457032841   10    8    8    6
 0.003221318793527103   10    8    8    7
 0.005135493974963477   10    8    8    8
 -0.0002074623705309543   10    8    9    1
 -8.273223254543181e-05   10    8    9    2
 -0.0001824582138504114   10    8    9    3
 -3.449073145341132e-05   10    8    9    4
 -4.591264880588579e-05   10    8    9    5
 -0.001168070928387634   10    8    9    6
 -0.006475900854294233   10    8    9    7
 -0.001077210989187642   10    8    9    8
 0.00247637147148012   10    8    9    9
 -0.0001362060970532286   10    8   10    1
 -0.000723459135247693   10    8   10    2
 0.0002235460133661255   10    8   10    3
 0.0001943576649378232   10    8   10    4
 -0.0003127283178294826   10    8   10    5
 0.001361660504202807   10    8   10    6
 -0.002691469764500201   10    8   10    7
 0.02882779615915698   10    8   10    8
 0.000112143375555032   10    9    1    1
 -0.0003613354642550649   10    9    2    1
 -0.0003064943963417432   10    9    2    2
 -3.953956038863093e-05   10    9    3    1
 0.0003059346530438361   10    9    3    2
 -0.0004556426986590914   10    9    3    3
 -0.0003931604616287739   10    9    4    1
 -0.0001104504536063626   10    9    4    2
 -0.000244732299701224   10    9    4    3
 -5.224898764352776e-05   10    9    4    4
 8.551888104229174e-05   10    9    5    1
 0.0001053323856512772   10    9    5    2
 0.0004554661477274743   10    9    5    3
 -0.0001082592722524559   10    9    5    4
 -0.0001883378989730729   10    9    5    5
 -5.115863321718989e-05   10    9    6    1
 0.0003305920641824091   10    9    6    2
 -0.0004520909532525971   10    9    6    3
 -0.0001104077686398194   10    9    6    4
 -0.0002665140949649596   10    9    6    5
 -0.01550624858938426   10    9    6    6
 -0.0001300940062536603   10    9    7    1
 0.000272165653197556   10    9    7    2
 -2.748008256166732e-05   10    9    7    3
 -0.0004991325639126467   10    9    7    4
 -0.0001269622211810537   10    9    7    5
 0.006296649085036833   10    9    7    6
 -0.003346409206857726   10    9    7    7
 -0.0002328113304114871   10    9    8    1
 1.813630919226481e-05   10    9    8    2
 -0.000156646144167979   10    9    8    3
 0.0001955707176791426   10    9    8    4
 8.52859416600081e-05   10    9    8    5
 0.003332988463790405   10    9    8    6
 0.006643844347906921   10    9    8    7
 -0.008098019514720627   10    9    8    8
 -4.522008989105272e-05   10    9    9    1
 -2.038481962177536e-05   10    9    9    2
 0.0008401099053155294   10    9    9    3
 -8.573301082447321e-05   10    9    9    4
 -6.050782599235605e-05   10    9    9    5
 0.0006309785414864242   10    9    9    6
 -0.002822114974700302   10    9    9    7
 0.001183874707402704   10    9    9    8
 -0.009987173982224784   10    9    9    9
 -3.836980526631262e-07   10    9   10    1
 -0.0003798718217899264   10    9   10    2
 -2.464503436961268e-06   10    9   10    3
 0.0005298047771400954   10    9   10    4
 -0.0003366856936245449   10    9   10    5
 0.0001618305198102641   10    9   10    6
 0.001717933021131878   10    9   10    7
 0.001384565546981607   10    9   10    8
 0.03016173373517954   10    9   10    9
 0.190491277943336   10   10    1    1
 0.001001801243430174   10   10    2    1
 0.1896357847983918   10   10    2    2
 7.121324876313783e-05   10   10    3    1
 -0.001214484984132071   10   10    3    2
 0.1909503639481005   10   10    3    3
 -0.0004582959294700903   10   10    4    1
 -0.002532491935032779   10   10    4    2
 -0.002497785200905411   10   10    4    3
 0.1900914508873791   10   10    4    4
 0.001530843580034822   10   10    5    1
 -0.007069389760682692   10   10    5    2
 0.001004763622914246   10   10    5    3
 0.006117270684794974   10   10    5    4
 0.1823859394111157   10   10    5    5
 -0.001380372826642001   10   10    6    1
 -0.01209362185473837   10   10    6    2
 0.0009302559197707996   10   10    6    3
 0.00913348058179351   10   10    6    4
 0.01096339761627634   10   10    6    5
 0.6718369174556535   10   10    6    6
 -0.001085860450373967   10   10    7    1
 0.002458071788588716   10   10    7    2
 -0.02007981748154868   10   10    7    3
 0.004760815903334629   10   10    7    4
 -0.001355020372796773   10   10    7    5
 0.003140246008306453   10   10    7    6
 0.6141766255670811   10   10    7    7
 0.0004996785520871496   10   10    8    1
 -0.01226082307074739   10   10    8    2
 0.003661203281674191   10   10    8    3
 -0.003961157772725432   10   10    8    4
 -0.006801166876617514   10   10    8    5
 -0.01850324827211993   10   10    8    6
 0.0002191729717101181   10   10    8    7
 0.688121572696441   10   10    8    8
 -0.002141889210016027   10   10    9    1
 -0.003032446491368552   10   10    9    2
 -0.001214601207349607   10   10    9    3
 0.01165990492202323   10   10    9    4
 -0.007767739312955868   10   10    9    5
 -0.0256718499811938   10   10    9    6
 -0.000658675829173659   10   10    9    7
 0.004746726975772273   10   10    9    8
 0.6868343800805254   10   10    9    9
 -0.005046130308764665   10   10   10    1
 -0.004888843579405172   10   10   10    2
 -0.0002114637777559053   10   10   10    3
 0.005501484992766212   10   10   10    4
 -0.003347214398771232   10   10   10    5
 -0.006545249297598167   10   10   10    6
 0.002220715831569334   10   10   10    7
 0.00520036343501307   10   10   10    8
 -0.01128433248479902   10   10   10    9
 0.8025075163303153   10   10   10   10
 -4.016250579743691    1    1  0  0
 -0.05995037448656534    2    1  0  0
 -3.828336515438954    2    2  0  0
 -0.000113185686511415    3    1  0  0
 0.01772332241645435    3    2  0  0
 -3.503902547239238    3    3  0  0
 -0.01456868847280337    4    1  0  0
 0.05209488041377055    4    2  0  0
 0.0293884774815474    4    3  0  0
 -3.814411009783116    4    4  0  0
 -0.03360135337676629    5    1  0  0
 0.1062249867748442    5    2  0  0
 -0.007257338673918502    5    3  0  0
 -0.08495009691641763    5    4  0  0
 -3.63439467408891    5    5  0  0
 0.00503772762248566    6    1  0  0
 0.1076372875951836    6    2  0  0
 -0.0133654426556304    6    3  0  0
 -0.08494100493747792    6    4  0  0
 -0.1133043141620736    6    5  0  0
 -3.63829257211801    6    6  0  0
 0.008361920791345448    7    1  0  0
 -0.02172027008724748    7    2  0  0
 0.219315201260791    7    3  0  0
 -0.04454713553182627    7    4  0  0
 0.01262382930519206    7    5  0  0
 0.008846685863125359    7    6  0  0
 -3.506684312622982    7    7  0  0
 -0.005423772119009906    8    1  0  0
 0.09443007940426622    8    2  0  0
 -0.0468466272176022    8    3  0  0
 0.05091618521955212    8    4  0  0
 0.08760477465851975    8    5  0  0
 0.07665054061674292    8    6  0  0
 0.02812679035858372    8    7  0  0
 -3.815784980531864    8    8  0  0
 0.01421419295246689    9    1  0  0
 0.009134834997448328    9    2  0  0
 0.02005887422997709    9    3  0  0
 -0.08621509222389399    9    4  0  0
 0.1029239539257596    9    5  0  0
 0.1187030512187337    9    6  0  0
 -0.01452342662502787    9    7  0  0
 -0.05101697652745373    9    8  0  0
 -3.821709736878354    9    9  0  0
 0.05742786924543897   10    1  0  0
 0.03764577130877011   10    2  0  0
 0.003673173674544196   10    3  0  0
 -0.04045315935625348   10    4  0  0
 0.03600697065163894   10    5  0  0
 0.03095677016734681   10    6  0  0
 -0.01026278353677574   10    7  0  0
 -0.02509468260612226   10    8  0  0
 0.04138564914177632   10    9  0  0
 -4.026235464905181   10   10  0  0
 -95.54974224310712  0  0  0  0
