 &FCI NORB=  10,NELEC=10,MS2=0,
  ORBSYM=1,1,1,1,1,1,1,1,1,1,
  ISYM=1,
 &END
 0.7459530922362874    1    1    1    1
 0.03180613787256644    2    1    1    1
 0.02915899294414699    2    1    2    1
 0.6864591287314376    2    2    1    1
 0.03152805100445542    2    2    2    1
 0.7385506590461772    2    2    2    2
 0.003564576631257697    3    1    1    1
 0.0008117820859430203    3    1    2    1
 -0.002998758314785903    3    1    2    2
 0.0219790395460185    3    1    3    1
 -0.004179064992408743    3    2    1    1
 0.002378531245249687    3    2    2    1
 -0.004568233003805876    3    2    2    2
 0.001525041585396131    3    2    3    1
 0.01979313572325454    3    2    3    2
 0.5896315436626851    3    3    1    1
 0.02444888527264745    3    3    2    1
 0.5903911707465397    3    3    2    2
 0.003771364487689277    3    3    3    1
 -0.004434196455807188    3    3    3    2
 0.5477703951562624    3    3    3    3
 0.003487531484647537    4    1    1    1
 -0.0008960907806981851    4    1    2    1
 0.003631420143514751    4    1    2    2
 0.001915572018299146    4    1    3    1
 -0.008581770558918067    4    1    3    2
 0.002530846835958397    4    1    3    3
 0.02523132864445346    4    1    4    1
 -0.002827946338022528    4    2    1    1
 8.385553628498439e-07    4    2    2    1
 -0.005097603278938872    4    2    2    2
 0.007201204622174351    4    2    3    1
 -0.001915665439125995    4    2    3    2
 -0.009398851194773209    4    2    3    3
 0.006060080587009278    4    2    4    1
 0.02461361143537366    4    2    4    2
 -0.008195964729443953    4    3    1    1
 0.00104585514525627    4    3    2    1
 0.002232812891609478    4    3    2    2
 0.001054743772699417    4    3    3    1
 0.002735675005249759    4    3    3    2
 -0.00259167752514577    4    3    3    3
 -0.002388981347774977    4    3    4    1
 0.0009497153864197515    4    3    4    2
 0.01581800292944191    4    3    4    3
 0.6699149978268419    4    4    1    1
 0.01774433116805171    4    4    2    1
 0.66740445837908    4    4    2    2
 0.007856792498952341    4    4    3    1
 -0.004487902687922646    4    4    3    2
 0.5845624461118177    4    4    3    3
 0.003400183949564642    4    4    4    1
 -0.004903172668900445    4    4    4    2
 -0.002514399797051958    4    4    4    3
 0.6967391537329591    4    4    4    4
 0.004017539944286768    5    1    1    1
 0.0003888366911235929    5    1    2    1
 0.006775882482032074    5    1    2    2
 -0.004650536358046822    5    1    3    1
 -0.003496396055357928    5    1    3    2
 0.003598821008072026    5    1    3    3
 0.003616042610876321    5    1    4    1
 -0.00275708043401125    5    1    4    2
 -0.001520121592693336    5    1    4    3
 0.0002457987745913622    5    1    4    4
 0.01786288038479662    5    1    5    1
 -0.005544905311707948    5    2    1    1
 -0.001431165938445259    5    2    2    1
 -0.004819964487764606    5    2    2    2
 0.004208816649984731    5    2    3    1
 0.004921968115233921    5    2    3    2
 -0.005868206171856904    5    2    3    3
 -0.004529493150735838    5    2    4    1
 0.004034323205046651    5    2    4    2
 0.002877403001487489    5    2    4    3
 -0.0009059493490603584    5    2    4    4
 -0.004640269373644904    5    2    5    1
 0.02041417020778252    5    2    5    2
 0.01064014780794746    5    3    1    1
 -0.0009983323043483115    5    3    2    1
 -0.009563497483450879    5    3    2    2
 -1.858818864033892e-05    5    3    3    1
 0.0007974893091052263    5    3    3    2
 0.0002140714215763943    5    3    3    3
 -0.002348176476020044    5    3    4    1
 -0.002979964790813488    5    3    4    2
 -0.003948237481089257    5    3    4    3
 0.0006222897662855873    5    3    4    4
 -0.0002463333858354565    5    3    5    1
 -0.001173495129332433    5    3    5    2
 0.02179559018342431    5    3    5    3
 0.023474481225849    5    4    1    1
 0.008808527215866366    5    4    2    1
 0.02249175254120431    5    4    2    2
 0.004226032041035426    5    4    3    1
 -0.0004458110878028256    5    4    3    2
 0.03173148594304769    5    4    3    3
 0.0018352061758919    5    4    4    1
 -0.001919664582565175    5    4    4    2
 -0.0002535425299880813    5    4    4    3
 0.02860474738485383    5    4    4    4
 -0.000229137202674201    5    4    5    1
 -0.00267423457087539    5    4    5    2
 -0.0003309959943697133    5    4    5    3
 0.0286906742086112    5    4    5    4
 0.6476165589817671    5    5    1    1
 0.03519740774091567    5    5    2    1
 0.6394354761364947    5    5    2    2
 0.004178600166031978    5    5    3    1
 -0.002041778528805245    5    5    3    2
 0.5443629014820666    5    5    3    3
 0.003747448114343721    5    5    4    1
 0.0005780518184220103    5    5    4    2
 -0.002037763512689476    5    5    4    3
 0.6095149231306441    5    5    4    4
 0.003059707198546517    5    5    5    1
 -0.003731933564701311    5    5    5    2
 0.000604411007452718    5    5    5    3
 0.02583030640977085    5    5    5    4
 0.6258036111376342    5    5    5    5
 0.0001643222549055332    6    1    1    1
 -0.0001010099560589979    6    1    2    1
 0.0002944584700428849    6    1    2    2
 -0.0001623537548106715    6    1    3    1
 -0.0001753275374023787    6    1    3    2
 1.239722265130752e-05    6    1    3    3
 0.0003669748245244142    6    1    4    1
 -2.612535479464958e-05    6    1    4    2
 1.658780205989038e-05    6    1    4    3
 8.83282502219772e-05    6    1    4    4
 0.000478622486815554    6    1    5    1
 -0.0002007401410314036    6    1    5    2
 -5.796972720658546e-05    6    1    5    3
 -5.266623319294301e-05    6    1    5    4
 3.773954668191478e-05    6    1    5    5
 0.0002024355939649658    6    1    6    1
 -0.002977797094781986    6    2    1    1
 -7.264201054524328e-05    6    2    2    1
 -0.00337244833003619    6    2    2    2
 0.0001683351516688242    6    2    3    1
 0.0001886806982646763    6    2    3    2
 -0.002659090832903306    6    2    3    3
 -8.574338799391894e-05    6    2    4    1
 0.0003887577461640586    6    2    4    2
 -3.722847018002085e-05    6    2    4    3
 -0.002930660464531874    6    2    4    4
 -0.0002257400272845649    6    2    5    1
 0.00057279010645793    6    2    5    2
 6.919533936497772e-05    6    2    5    3
 -0.0001573386730721395    6    2    5    4
 -0.002676481236028003    6    2    5    5
 -3.424670220091473e-05    6    2    6    1
 0.0002638338916963231    6    2    6    2
 -0.0003323150728999815    6    3    1    1
 -1.318188083167398e-05    6    3    2    1
 0.0001898366815015599    6    3    2    2
 7.991288915762996e-05    6    3    3    1
 -4.773878659901539e-05    6    3    3    2
 -3.855067016229712e-05    6    3    3    3
 5.576373105177522e-05    6    3    4    1
 -1.324739433930502e-05    6    3    4    2
 0.0004170202960649412    6    3    4    3
 -9.401899625359815e-05    6    3    4    4
 6.684230728461301e-05    6    3    5    1
 -1.782525765291783e-05    6    3    5    2
 0.00018872734340028    6    3    5    3
 -1.993032896939403e-05    6    3    5    4
 -6.631208273497791e-05    6    3    5    5
 2.942001831641879e-05    6    3    6    1
 -7.924914719267305e-05    6    3    6    2
 0.0008246290579002717    6    3    6    3
 0.007539257986351123    6    4    1    1
 0.0003026907650777993    6    4    2    1
 0.007490985169380054    6    4    2    2
 0.0001381175020328532    6    4    3    1
 -1.845867402811892e-05    6    4    3    2
 0.006343583332921243    6    4    3    3
 -1.399754283615391e-06    6    4    4    1
 -0.0002473453219487262    6    4    4    2
 -6.649022280419603e-05    6    4    4    3
 0.008091676842255605    6    4    4    4
 -3.437748421043719e-05    6    4    5    1
 -3.359458967422765e-05    6    4    5    2
 3.79398661888883e-05    6    4    5    3
 0.0009464863771771383    6    4    5    4
 0.006651772691054467    6    4    5    5
 4.791697018366441e-05    6    4    6    1
 -0.0001896598810047915    6    4    6    2
 -3.823871952895084e-05    6    4    6    3
 0.0008041552545382902    6    4    6    4
 0.0120969562585187    6    5    1    1
 0.0007452583574632518    6    5    2    1
 0.01196617882504279    6    5    2    2
 6.839204116876026e-05    6    5    3    1
 -4.157759967487854e-06    6    5    3    2
 0.009099723922693381    6    5    3    3
 4.313751342518753e-05    6    5    4    1
 -3.616812279647732e-05    6    5    4    2
 -4.282053678678519e-05    6    5    4    3
 0.01133087787527092    6    5    4    4
 4.656514282411842e-05    6    5    5    1
 -9.564788248585672e-05    6    5    5    2
 3.068306102758345e-05    6    5    5    3
 0.0006603260863282921    6    5    5    4
 0.01126056790887793    6    5    5    5
 8.321951861871892e-05    6    5    6    1
 -0.0001978447054761151    6    5    6    2
 7.603434281581831e-06    6    5    6    3
 0.0007205930512288667    6    5    6    4
 0.001031106621633324    6    5    6    5
 0.1823043311748658    6    6    1    1
 0.00160359479821073    6    6    2    1
 0.1822854917857316    6    6    2    2
 0.001356245162597568    6    6    3    1
 -0.001908691271335416    6    6    3    2
 0.1839715559408817    6    6    3    3
 0.0005451658513194277    6    6    4    1
 -0.001513794938363149    6    6    4    2
 -0.001075424683405856    6    6    4    3
 0.1827696939824184    6    6    4    4
 0.001237481689925339    6    6    5    1
 -0.001749055602498267    6    6    5    2
 0.0001596247280179613    6    6    5    3
 0.009400969392061581    6    6    5    4
 0.1771757595463063    6    6    5    5
 0.0003691476856208505    6    6    6    1
 -0.004089252401744009    6    6    6    2
 -2.533847829093465e-05    6    6    6    3
 0.01171463308883464    6    6    6    4
 0.01113561482697592    6    6    6    5
 0.626980942390394    6    6    6    6
 -0.002958765754103921    7    1    1    1
 3.565565987372329e-05    7    1    2    1
 -0.001963009167582096    7    1    2    2
 -0.001265294279408865    7    1    3    1
 4.238913261358149e-05    7    1    3    2
 -0.002020412970553701    7    1    3    3
 -0.0002220992043304015    7    1    4    1
 -0.0004837424361883874    7    1    4    2
 0.000174742510324949    7    1    4    3
 -0.002822703280220819    7    1    4    4
 0.0003795871543628926    7    1    5    1
 -0.0003348738842037623    7    1    5    2
 -0.0001858004390025305    7    1    5    3
 -0.0003399552244496416    7    1    5    4
 -0.002394797642076862    7    1    5    5
 9.236309525868605e-05    7    1    6    1
 -2.715436865569048e-05    7    1    6    2
 6.898205375170358e-05    7    1    6    3
 -0.0001417606487030198    7    1    6    4
 -0.0001392699259675792    7    1    6    5
 -0.002919710344203007    7    1    6    6
 0.0004580464212779699    7    1    7    1
 0.003062209972347532    7    2    1    1
 -0.0001897744055288829    7    2    2    1
 0.002690791336970486    7    2    2    2
 3.228107587328939e-05    7    2    3    1
 -0.001185372452104903    7    2    3    2
 0.002109319994513697    7    2    3    3
 0.0006043475589674323    7    2    4    1
 0.0003154725992949682    7    2    4    2
 -0.000361173248761671    7    2    4    3
 0.002821217445293329    7    2    4    4
 0.0002596629142579777    7    2    5    1
 -0.000401545293248146    7    2    5    2
 -8.740828562292884e-06    7    2    5    3
 9.94684376547625e-05    7    2    5    4
 0.002331009058678192    7    2    5    5
 3.595885269416219e-05    7    2    6    1
 -9.11185386511339e-05    7    2    6    2
 -0.0001598044745073653    7    2    6    3
 0.0001100829933410588    7    2    6    4
 0.0001433250530146553    7    2    6    5
 0.003220886304132064    7    2    6    6
 -9.814927355690601e-05    7    2    7    1
 0.0004773528759883383    7    2    7    2
 -0.01952733170908401    7    3    1    1
 -0.0008323149314175272    7    3    2    1
 -0.01963506594160943    7    3    2    2
 -1.181407682203106e-05    7    3    3    1
 -1.486096498041803e-05    7    3    3    2
 -0.01564794471543399    7    3    3    3
 -2.552952622695001e-05    7    3    4    1
 0.0004596791905353811    7    3    4    2
 1.044421841475667e-05    7    3    4    3
 -0.0196729468665862    7    3    4    4
 -5.410752901061455e-05    7    3    5    1
 0.000109445177182567    7    3    5    2
 -4.52438171057503e-06    7    3    5    3
 -0.0008707178867781384    7    3    5    4
 -0.01734639741162327    7    3    5    5
 -0.0001444150170254137    7    3    6    1
 0.0002511412349268295    7    3    6    2
 -5.394630111240542e-06    7    3    6    3
 -0.001056921499217967    7    3    6    4
 -0.001330187926640061    7    3    6    5
 -0.01723497168109463    7    3    6    6
 0.000262365354060133    7    3    7    1
 -0.0003472768702927629    7    3    7    2
 0.00408537255306107    7    3    7    3
 0.000806263648425053    7    4    1    1
 -3.317159875083994e-05    7    4    2    1
 0.002323548258273509    7    4    2    2
 3.612489297037192e-05    7    4    3    1
 -0.0003343862888289781    7    4    3    2
 0.001230154047921572    7    4    3    3
 0.0003990361740917209    7    4    4    1
 0.0001387767520907866    7    4    4    2
 -0.000107764335884868    7    4    4    3
 0.001492047311024387    7    4    4    4
 0.0002811526978306225    7    4    5    1
 -0.0001865865259965401    7    4    5    2
 -0.0003833347989065829    7    4    5    3
 -9.230249556670942e-07    7    4    5    4
 0.0012798294315869    7    4    5    5
 3.733795156972793e-05    7    4    6    1
 -0.0001414643208554749    7    4    6    2
 0.0005235622353785859    7    4    6    3
 3.839759687374247e-05    7    4    6    4
 0.0001041972758389282    7    4    6    5
 0.001978440361762654    7    4    6    6
 0.0003102167325767453    7    4    7    1
 -0.0003782259257169975    7    4    7    2
 -0.00022955740856902    7    4    7    3
 0.002137696941986223    7    4    7    4
 -0.001168443838649673    7    5    1    1
 7.517846321410254e-05    7    5    2    1
 0.0003979551314871636    7    5    2    2
 0.0002153852749985588    7    5    3    1
 -3.38271521882721e-05    7    5    3    2
 -0.0001470896784657355    7    5    3    3
 0.0001304975719836937    7    5    4    1
 0.0002994685478678136    7    5    4    2
 0.0007247653603951943    7    5    4    3
 -0.000256144229596978    7    5    4    4
 -0.0001425802525553846    7    5    5    1
 0.0002592790168757986    7    5    5    2
 -0.001411813369321677    7    5    5    3
 0.0001289843080012663    7    5    5    4
 -0.0003119306868533832    7    5    5    5
 2.648959274433319e-05    7    5    6    1
 -5.723440067853775e-05    7    5    6    2
 0.0002505906534964347    7    5    6    3
 -3.945393004207472e-05    7    5    6    4
 -3.051002309275902e-05    7    5    6    5
 -0.0003444246217621062    7    5    6    6
 0.0001539729481585159    7    5    7    1
 -0.0001921916467451955    7    5    7    2
 6.167058545404355e-05    7    5    7    3
 0.000776277884177438    7    5    7    4
 0.0008187658395737323    7    5    7    5
 0.0005761445397137055    7    6    1    1
 -3.605333753042376e-05    7    6    2    1
 -0.0008824740191598845    7    6    2    2
 -0.0001083056955221503    7    6    3    1
 6.968310451311626e-05    7    6    3    2
 -0.0002426985786767962    7    6    3    3
 -0.0001567489156332463    7    6    4    1
 -9.087995249086536e-05    7    6    4    2
 -0.000729064518980907    7    6    4    3
 -0.0001124311275478417    7    6    4    4
 -0.0001061373924060014    7    6    5    1
 -5.33960989840756e-07    7    6    5    2
 0.0005320948547819193    7    6    5    3
 -1.770532431022089e-05    7    6    5    4
 -0.0001224529895266103    7    6    5    5
 -0.0001195339062147729    7    6    6    1
 0.0002058782876024425    7    6    6    2
 -0.001398508210731189    7    6    6    3
 7.815677137076249e-05    7    6    6    4
 -7.07337913781132e-05    7    6    6    5
 -0.001359164859828766    7    6    6    6
 -0.0001131610184581465    7    6    7    1
 4.18200533510693e-05    7    6    7    2
 3.694168682475324e-05    7    6    7    3
 -0.0004695853998341456    7    6    7    4
 0.0001987419807447277    7    6    7    5
 0.02174426730591046    7    6    7    6
 0.1895062952940066    7    7    1    1
 0.001932142700547977    7    7    2    1
 0.1893069945893287    7    7    2    2
 0.00152258844132276    7    7    3    1
 -0.002097689811287877    7    7    3    2
 0.1922130442876713    7    7    3    3
 0.0006685407015892542    7    7    4    1
 -0.001595422465598888    7    7    4    2
 -0.001234118596569718    7    7    4    3
 0.1899058273649088    7    7    4    4
 0.001285799773213829    7    7    5    1
 -0.001887760263426945    7    7    5    2
 0.0002400738781486244    7    7    5    3
 0.009980586494377854    7    7    5    4
 0.1840001242523269    7    7    5    5
 0.0001418442679584062    7    7    6    1
 -0.003339586561537592    7    7    6    2
 -6.985844855210391e-05    7    7    6    3
 0.008916695937311045    7    7    6    4
 0.009010722384625785    7    7    6    5
 0.5453668240748089    7    7    6    6
 -0.00299763308813838    7    7    7    1
 0.003205176316790164    7    7    7    2
 -0.01552644247701556    7    7    7    3
 0.001867834962189248    7    7    7    4
 -0.0003194981983048775    7    7    7    5
 -0.001063517067369306    7    7    7    6
 0.548427979403368    7    7    7    7
 0.0007524237983135498    8    1    1    1
 -0.000350881017476457    8    1    2    1
 0.0004135253637339164    8    1    2    2
 0.0005208039780530602    8    1    3    1
 -0.0001807410793780596    8    1    3    2
 0.0001759354204029987    8    1    3    3
 0.0006487258544897606    8    1    4    1
 0.0004062625640121394    8    1    4    2
 -0.0001004215460026453    8    1    4    3
 0.0008997386807280227    8    1    4    4
 -0.0004469202592464098    8    1    5    1
 4.990357997623268e-05    8    1    5    2
 -4.618777687640713e-05    8    1    5    3
 -3.602536972866941e-05    8    1    5    4
 0.0004926782238112021    8    1    5    5
 -6.222826552429663e-05    8    1    6    1
 -2.409941050295677e-05    8    1    6    2
 -2.007602439865142e-05    8    1    6    3
 5.615054720734469e-05    8    1    6    4
 8.642201751142152e-05    8    1    6    5
 0.0005344551760039683    8    1    6    6
 4.75236963296352e-05    8    1    7    1
 1.784200704746512e-05    8    1    7    2
 -0.0002711041321618211    8    1    7    3
 8.080422806557427e-05    8    1    7    4
 -1.22573936665444e-07    8    1    7    5
 2.638797123285583e-06    8    1    7    6
 7.149832488428581e-05    8    1    7    7
 0.0002749686147093445    8    1    8    1
 -0.006468698203970727    8    2    1    1
 -0.0002999234235845057    8    2    2    1
 -0.006865744182955719    8    2    2    2
 0.0001475545181988631    8    2    3    1
 -0.0002867638521801466    8    2    3    2
 -0.00519450858153573    8    2    3    3
 0.000343714730092626    8    2    4    1
 0.0006349183937463502    8    2    4    2
 3.528287434529615e-05    8    2    4    3
 -0.006295896848425265    8    2    4    4
 -3.966463931899272e-05    8    2    5    1
 -0.0003938599400893321    8    2    5    2
 -0.0001004237915935166    8    2    5    3
 -0.0001902839536090561    8    2    5    4
 -0.005740577983738196    8    2    5    5
 -2.366023963468706e-05    8    2    6    1
 1.038394533204243e-06    8    2    6    2
 0.0001121993207941867    8    2    6    3
 -0.0002853838007843241    8    2    6    4
 -0.0003085301606165449    8    2    6    5
 -0.006131284913223979    8    2    6    6
 9.092411559988196e-05    8    2    7    1
 -0.0001859329521816717    8    2    7    2
 0.0006917506177268188    8    2    7    3
 0.0001282758527195915    8    2    7    4
 9.811748895400742e-05    8    2    7    5
 -6.609282149844097e-05    8    2    7    6
 -0.00556296489390035    8    2    7    7
 -8.376050223540186e-06    8    2    8    1
 0.0004625513941656377    8    2    8    2
 0.003127056896329914    8    3    1    1
 6.391324246447835e-05    8    3    2    1
 0.001420038022308115    8    3    2    2
 -5.40101107764863e-05    8    3    3    1
 -7.454242697763179e-05    8    3    3    2
 0.001841786612542028    8    3    3    3
 -0.0001323063296228809    8    3    4    1
 -8.696233229459897e-05    8    3    4    2
 -0.0006057409940703979    8    3    4    3
 0.00231674061370264    8    3    4    4
 -0.0001059074353703172    8    3    5    1
 -6.283444987954367e-05    8    3    5    2
 0.0004723227436314769    8    3    5    3
 0.0001453283748800882    8    3    5    4
 0.002040285896807682    8    3    5    5
 -7.050763221298027e-05    8    3    6    1
 0.0001296001001921967    8    3    6    2
 -0.0008030752956146556    8    3    6    3
 0.0001340891127039493    8    3    6    4
 9.285098830470096e-05    8    3    6    5
 0.001253366066874133    8    3    6    6
 -0.0003527332820808613    8    3    7    1
 0.0004072610504354329    8    3    7    2
 -0.0002020771827299533    8    3    7    3
 -0.001681699108941449    8    3    7    4
 -0.0005107222240103083    8    3    7    5
 0.0003777000425626459    8    3    7    6
 0.001158207602340106    8    3    7    7
 -5.891881741317847e-05    8    3    8    1
 -0.0002632594094754804    8    3    8    2
 0.002145071859533703    8    3    8    3
 0.01217292622041523    8    4    1    1
 0.0002780608681381037    8    4    2    1
 0.01221787335638865    8    4    2    2
 -5.395794206107066e-05    8    4    3    1
 -0.0001021472566785553    8    4    3    2
 0.009307571557980626    8    4    3    3
 7.637303431018351e-05    8    4    4    1
 -0.000290441380272688    8    4    4    2
 1.233155667047844e-05    8    4    4    3
 0.01257769181682405    8    4    4    4
 5.068444385624439e-05    8    4    5    1
 3.419198889176578e-06    8    4    5    2
 1.47547721797474e-05    8    4    5    3
 -7.652074133571923e-05    8    4    5    4
 0.01059954198814538    8    4    5    5
 2.211401313279243e-05    8    4    6    1
 -0.0001652078233927111    8    4    6    2
 1.730491526855235e-05    8    4    6    3
 0.0004316089685831533    8    4    6    4
 0.0005500320867926811    8    4    6    5
 0.01064343169181229    8    4    6    6
 -0.0001267847414863496    8    4    7    1
 0.0001527200341025534    8    4    7    2
 -0.00141213652322413    8    4    7    3
 9.845752455463673e-05    8    4    7    4
 -3.872593213996788e-05    8    4    7    5
 -2.924838429848287e-05    8    4    7    6
 0.00935233446534893    8    4    7    7
 0.0001080626761495336    8    4    8    1
 -0.0004025341290503515    8    4    8    2
 7.563210424162927e-05    8    4    8    3
 0.0009660879766590787    8    4    8    4
 -0.01287662995291688    8    5    1    1
 -0.0006637899419418415    8    5    2    1
 -0.01288338588879556    8    5    2    2
 -5.483459339064222e-05    8    5    3    1
 -5.225919116698712e-05    8    5    3    2
 -0.009172782745447312    8    5    3    3
 1.82951877107654e-05    8    5    4    1
 -0.0001620114735298974    8    5    4    2
 -2.998400444801698e-05    8    5    4    3
 -0.01175347754531318    8    5    4    4
 6.729732402200597e-06    8    5    5    1
 -0.0003094535037346927    8    5    5    2
 0.0001163272696528354    8    5    5    3
 0.0002451236987378485    8    5    5    4
 -0.01204519138051653    8    5    5    5
 -4.099817093742152e-05    8    5    6    1
 0.0001076801562912146    8    5    6    2
 -2.408910010784888e-05    8    5    6    3
 -0.000406761241064055    8    5    6    4
 -0.00074160303363952    8    5    6    5
 -0.006814127510191359    8    5    6    6
 0.0001016338278804162    8    5    7    1
 -0.0001016586613081544    8    5    7    2
 0.001091499118781227    8    5    7    3
 -0.000161273771204723    8    5    7    4
 -1.154181658587765e-05    8    5    7    5
 4.848086656094377e-05    8    5    7    6
 -0.006483571746439444    8    5    7    7
 -5.418485429019809e-05    8    5    8    1
 0.0002555531863456699    8    5    8    2
 -1.672080754389017e-05    8    5    8    3
 -0.0004497837398516097    8    5    8    4
 0.0008337274501689306    8    5    8    5
 -0.009841418070272936    8    6    1    1
 -0.0002725500224749532    8    6    2    1
 -0.009798301747717472    8    6    2    2
 -0.0001652324821463405    8    6    3    1
 0.0002403925235143964    8    6    3    2
 -0.01015295646842865    8    6    3    3
 -0.0001133834428481483    8    6    4    1
 0.0001352536002499172    8    6    4    2
 0.0001403776523643284    8    6    4    3
 -0.009815908980826366    8    6    4    4
 -0.0001357779819161151    8    6    5    1
 0.0002166607095367661    8    6    5    2
 -1.06822181215158e-05    8    6    5    3
 -0.000843979847683347    8    6    5    4
 -0.00955322984375831    8    6    5    5
 0.0001521257659902135    8    6    6    1
 -3.222304247578928e-05    8    6    6    2
 0.0001189975190720139    8    6    6    3
 0.0002365501001394012    8    6    6    4
 -0.0006890555815766232    8    6    6    5
 -0.02695029763156559    8    6    6    6
 0.000310888299673445    8    6    7    1
 -0.0003392122470899894    8    6    7    2
 0.0009225024502646744    8    6    7    3
 -0.0001611887424766678    8    6    7    4
 -2.348357877389532e-06    8    6    7    5
 -0.0002320448734958779    8    6    7    6
 -0.03291860317580144    8    6    7    7
 0.0001664123636839789    8    6    8    1
 0.0001967593480183698    8    6    8    2
 -2.125063145658939e-05    8    6    8    3
 3.374494850789111e-05    8    6    8    4
 0.0009632927386626737    8    6    8    5
 0.02904622921291036    8    6    8    6
 4.671384958012236e-05    8    7    1    1
 -6.747406928136068e-05    8    7    2    1
 -0.001470348796509088    8    7    2    2
 -0.0001875974325034777    8    7    3    1
 0.0001141410308474211    8    7    3    2
 -0.0008814165009049209    8    7    3    3
 -0.0001362321979927604    8    7    4    1
 -0.0001071309123169591    8    7    4    2
 -0.0008054033649719281    8    7    4    3
 -0.0007051610076429824    8    7    4    4
 -6.712255088414016e-05    8    7    5    1
 -1.947767952961182e-05    8    7    5    2
 0.0007478611244114482    8    7    5    3
 -0.0001180326020562566    8    7    5    4
 -0.0006775779954019308    8    7    5    5
 -1.246580468212138e-05    8    7    6    1
 9.508061768412902e-05    8    7    6    2
 -0.0007355216350681622    8    7    6    3
 3.621441021692469e-05    8    7    6    4
 -3.883360131475029e-05    8    7    6    5
 -0.001416929845306342    8    7    6    6
 -1.410056537357474e-05    8    7    7    1
 9.122155964077381e-05    8    7    7    2
 7.6644614318927e-06    8    7    7    3
 -0.0006089040173146882    8    7    7    4
 -0.0004161043665821969    8    7    7    5
 0.003970137538035302    8    7    7    6
 -0.001874713967434843    8    7    7    7
 -1.528322567156898e-05    8    7    8    1
 -7.419350394495436e-05    8    7    8    2
 -7.552086711444627e-05    8    7    8    3
 1.878893242895084e-05    8    7    8    4
 4.250590606116407e-05    8    7    8    5
 4.374509016825334e-05    8    7    8    6
 0.01579150000411723    8    7    8    7
 0.1885158651094721    8    8    1    1
 0.001553355427387492    8    8    2    1
 0.188678344459811    8    8    2    2
 0.001375837187652057    8    8    3    1
 -0.00201230346192794    8    8    3    2
 0.1898177531880264    8    8    3    3
 0.0005012588860305911    8    8    4    1
 -0.001720438501722376    8    8    4    2
 -0.001099264704222016    8    8    4    3
 0.1892718213680418    8    8    4    4
 0.00123434052916598    8    8    5    1
 -0.001754927412808998    8    8    5    2
 0.0001508094664314398    8    8    5    3
 0.009642609729100355    8    8    5    4
 0.1827117446578275    8    8    5    5
 0.0003617616514830041    8    8    6    1
 -0.003966190125221102    8    8    6    2
 -6.588768663035761e-05    8    8    6    3
 0.0114148959431188    8    8    6    4
 0.01120958753455822    8    8    6    5
 0.6100386282827104    8    8    6    6
 -0.003309700158505186    8    8    7    1
 0.003656619097210152    8    8    7    2
 -0.01953118573429737    8    8    7    3
 0.00228304922907852    8    8    7    4
 -0.0003549802125028344    8    8    7    5
 -0.001248143996976941    8    8    7    6
 0.5852354001230919    8    8    7    7
 0.0005114958111288181    8    8    8    1
 -0.007388510223871866    8    8    8    2
 0.001453047259605243    8    8    8    3
 0.01263248556316943    8    8    8    4
 -0.008280926702796907    8    8    8    5
 -0.02980389736157747    8    8    8    6
 -0.001757678307922543    8    8    8    7
 0.6973075690850122    8    8    8    8
 -0.008443861456877094    9    1    1    1
 -0.0002816277091575616    9    1    2    1
 -0.008374608756806406    9    1    2    2
 -7.89774958690767e-05    9    1    3    1
 -7.480837587530052e-05    9    1    3    2
 -0.005902477358490139    9    1    3    3
 0.0002411678829620982    9    1    4    1
 5.125361204013605e-05    9    1    4    2
 -0.0003013860520645284    9    1    4    3
 -0.007849768446375643    9    1    4    4
 -8.699784111937453e-05    9    1    5    1
 -0.000116856597079337    9    1    5    2
 0.000235676551975358    9    1    5    3
 -5.759741456740881e-05    9    1    5    4
 -0.007296863838118042    9    1    5    5
 -0.0001027747255782435    9    1    6    1
 0.0001616411281386272    9    1    6    2
 -0.0002398344953571442    9    1    6    3
 -0.000442609863018344    9    1    6    4
 -0.0006189201497508071    9    1    6    5
 -0.007315701017447476    9    1    6    6
 7.54357677721617e-06    9    1    7    1
 3.027808179158965e-05    9    1    7    2
 0.001279958562132596    9    1    7    3
 -0.0007293128064441922    9    1    7    4
 -0.0002054167739048463    9    1    7    5
 0.0002749044650247952    9    1    7    6
 -0.005919690348186068    9    1    7    7
 -0.0001155836805894499    9    1    8    1
 0.0001925051928175258    9    1    8    2
 0.0005776013985637529    9    1    8    3
 -0.0005139622612893346    9    1    8    4
 0.0005033863317936813    9    1    8    5
 1.979955633377196e-05    9    1    8    6
 0.0003174464814524243    9    1    8    7
 -0.008015916666768408    9    1    8    8
 0.001061398071796419    9    1    9    1
 0.003406246728235117    9    2    1    1
 -0.00031668293921241    9    2    2    1
 0.003816594844375746    9    2    2    2
 3.530562235046606e-05    9    2    3    1
 -0.0003452104656361701    9    2    3    2
 0.002527431505257078    9    2    3    3
 0.0002771502810567699    9    2    4    1
 0.0003741611372316672    9    2    4    2
 -2.653431461673404e-05    9    2    4    3
 0.003453968147370356    9    2    4    4
 5.088634670914223e-05    9    2    5    1
 -0.0001488933339052048    9    2    5    2
 -8.523502576822949e-05    9    2    5    3
 -5.709322276317762e-05    9    2    5    4
 0.002995365606955715    9    2    5    5
 2.283561061287507e-05    9    2    6    1
 -7.088720322954618e-05    9    2    6    2
 -1.423932182815322e-06    9    2    6    3
 0.0001360205193408571    9    2    6    4
 0.0001747579684988075    9    2    6    5
 0.00298513535154305    9    2    6    6
 -3.753400657414298e-05    9    2    7    1
 9.039960318031906e-05    9    2    7    2
 -0.0003868163263900045    9    2    7    3
 3.362304335618306e-07    9    2    7    4
 -2.455807991329669e-05    9    2    7    5
 9.159267603986009e-05    9    2    7    6
 0.002520626413392625    9    2    7    7
 5.497388676148066e-05    9    2    8    1
 -8.575152411250073e-05    9    2    8    2
 4.956592113185202e-05    9    2    8    3
 0.000224993757644162    9    2    8    4
 -0.000141459137593305    9    2    8    5
 4.308631105635885e-05    9    2    8    6
 5.788398063384972e-08    9    2    8    7
 0.003442456745029395    9    2    8    8
 -0.0001721859133345049    9    2    9    1
 0.0001444089921810143    9    2    9    2
 -0.00346659886289564    9    3    1    1
 -0.0001635071791562911    9    3    2    1
 -0.003587305375858509    9    3    2    2
 -0.000340941285741981    9    3    3    1
 0.0001411692074516542    9    3    3    2
 -0.0032148738751114    9    3    3    3
 -0.0001116390092977107    9    3    4    1
 -5.200705988940541e-05    9    3    4    2
 -6.257398184668233e-05    9    3    4    3
 -0.003662077388881597    9    3    4    4
 8.077760081384905e-05    9    3    5    1
 1.864008186494904e-05    9    3    5    2
 6.186009666799833e-05    9    3    5    3
 -0.0003417776136076634    9    3    5    4
 -0.003212058181411262    9    3    5    5
 -7.321274361254733e-05    9    3    6    1
 9.617919615804372e-05    9    3    6    2
 -0.0001768531523999443    9    3    6    3
 -0.0001024529033621996    9    3    6    4
 -0.0001475759321115795    9    3    6    5
 -0.002369421067855516    9    3    6    6
 5.134001828921973e-05    9    3    7    1
 1.332691007190416e-06    9    3    7    2
 0.0003545009942756556    9    3    7    3
 -0.0003877996799548636    9    3    7    4
 -0.0001453928118513685    9    3    7    5
 -7.581287222465659e-06    9    3    7    6
 -0.002122135780171934    9    3    7    7
 1.332087335568054e-05    9    3    8    1
 2.87224306253481e-05    9    3    8    2
 0.0003527140784553429    9    3    8    3
 -0.0001566403748737474    9    3    8    4
 0.0001176489621712921    9    3    8    5
 0.0001388743352679129    9    3    8    6
 0.0003321675674818814    9    3    8    7
 -0.002853017805907677    9    3    8    8
 0.000300734545505151    9    3    9    1
 -7.699808782256961e-05    9    3    9    2
 0.0004623680872953842    9    3    9    3
 0.007325567029417735    9    4    1    1
 0.000242309201609507    9    4    2    1
 0.007450539511729541    9    4    2    2
 0.0001204351752164686    9    4    3    1
 3.269114487649687e-05    9    4    3    2
 0.005802313120782597    9    4    3    3
 -0.0002616833272031786    9    4    4    1
 7.814866985064111e-05    9    4    4    2
 6.856537265723472e-05    9    4    4    3
 0.00771686675826211    9    4    4    4
 -2.964937014023083e-05    9    4    5    1
 9.156054395662689e-05    9    4    5    2
 -7.850097422603033e-05    9    4    5    3
 0.0002143360023160704    9    4    5    4
 0.006413489786536233    9    4    5    5
 1.759622293026079e-05    9    4    6    1
 -8.841340947391949e-05    9    4    6    2
 9.103008757796094e-05    9    4    6    3
 0.0002710564333567157    9    4    6    4
 0.0003375873204289363    9    4    6    5
 0.006114107173303242    9    4    6    6
 -9.836528952910301e-05    9    4    7    1
 2.469264284926373e-05    9    4    7    2
 -0.0007409534054665423    9    4    7    3
 0.0002785326771015811    9    4    7    4
 0.0001010421782992261    9    4    7    5
 -9.490765012971102e-05    9    4    7    6
 0.005491987471340433    9    4    7    7
 3.094729767327163e-06    9    4    8    1
 -0.0001603717733554314    9    4    8    2
 -0.0001369076795964106    9    4    8    3
 0.000422248593901975    9    4    8    4
 -0.0003126983501156123    9    4    8    5
 -0.0002001831003549272    9    4    8    6
 -4.624879765270635e-05    9    4    8    7
 0.006685709502678441    9    4    8    8
 -0.0004108822578390836    9    4    9    1
 8.304548923654875e-05    9    4    9    2
 -0.0001961607942631962    9    4    9    3
 0.0004876486738271774    9    4    9    4
 -0.004008623394963739    9    5    1    1
 -0.000229592398201891    9    5    2    1
 -0.003652769872198156    9    5    2    2
 0.0001413828661772306    9    5    3    1
 8.216653193089768e-05    9    5    3    2
 -0.002827505065808706    9    5    3    3
 4.884760264319861e-05    9    5    4    1
 7.115701763430665e-05    9    5    4    2
 0.0001005342334890993    9    5    4    3
 -0.003328859586082397    9    5    4    4
 -0.0003233937673710669    9    5    5    1
 0.0002271078107355545    9    5    5    2
 -0.0002039494918234549    9    5    5    3
 6.515300486578187e-05    9    5    5    4
 -0.003440468598768311    9    5    5    5
 -4.981667385542122e-05    9    5    6    1
 6.179485144547403e-05    9    5    6    2
 6.735313894518375e-05    9    5    6    3
 -7.090701387630523e-05    9    5    6    4
 -0.0001547007749229349    9    5    6    5
 -0.002186813525459777    9    5    6    6
 -3.860787916441754e-07    9    5    7    1
 -9.738672128481831e-05    9    5    7    2
 0.0001754654668026618    9    5    7    3
 0.0001456856972741814    9    5    7    4
 8.607333952374667e-05    9    5    7    5
 -7.724576675720938e-05    9    5    7    6
 -0.002217891012836964    9    5    7    7
 1.123646414241124e-05    9    5    8    1
 6.519550672464448e-05    9    5    8    2
 -0.0001486909463464471    9    5    8    3
 -0.0001323101519929157    9    5    8    4
 0.0001543346087626946    9    5    8    5
 0.000155742515436176    9    5    8    6
 -4.530853318243538e-05    9    5    8    7
 -0.002376196398241081    9    5    8    8
 3.293581071696236e-05    9    5    9    1
 -6.795082585005795e-05    9    5    9    2
 8.272334563541252e-05    9    5    9    3
 1.554515871970696e-05    9    5    9    4
 0.000252809550382994    9    5    9    5
 -0.001705500335227365    9    6    1    1
 -8.190924236120026e-05    9    6    2    1
 -0.001703329158178244    9    6    2    2
 -0.0001244201566141258    9    6    3    1
 3.672273969644073e-05    9    6    3    2
 -0.001851800489904138    9    6    3    3
 -4.732801756036935e-05    9    6    4    1
 -3.891184685844141e-05    9    6    4    2
 8.463900257483315e-06    9    6    4    3
 -0.001744996288475766    9    6    4    4
 3.160822242209093e-06    9    6    5    1
 -5.053672226794076e-05    9    6    5    2
 -1.928429970285462e-05    9    6    5    3
 -0.0002059463431367429    9    6    5    4
 -0.001731514647105631    9    6    5    5
 -0.0002827613087545138    9    6    6    1
 0.0002189475031167734    9    6    6    2
 -0.0002378277438580379    9    6    6    3
 0.0003190799667001622    9    6    6    4
 -8.089304148584105e-05    9    6    6    5
 -0.003597219739890429    9    6    6    6
 0.0001945305071338227    9    6    7    1
 -1.307908424354068e-05    9    6    7    2
 0.0001117731338916717    9    6    7    3
 -4.1168356226597e-05    9    6    7    4
 3.057332474741815e-05    9    6    7    5
 0.0009582083709446389    9    6    7    6
 -0.005625527558384791    9    6    7    7
 9.605600574554005e-05    9    6    8    1
 -7.800004346063841e-05    9    6    8    2
 -0.0002178342342792115    9    6    8    3
 -9.209345824477852e-06    9    6    8    4
 3.136783209778821e-05    9    6    8    5
 0.002553352129659255    9    6    8    6
 0.002769920196758586    9    6    8    7
 -0.001254458685472848    9    6    8    8
 8.634578256527269e-05    9    6    9    1
 -0.0001749106896340085    9    6    9    2
 0.0003757706382547493    9    6    9    3
 0.0003714330825918804    9    6    9    4
 0.0005843571736036922    9    6    9    5
 0.02045863271045164    9    6    9    6
 0.002137801553201808    9    7    1    1
 6.557504713001443e-05    9    7    2    1
 0.00190488872096755    9    7    2    2
 0.0002397778451096366    9    7    3    1
 -4.932037500464016e-05    9    7    3    2
 0.002176348392738891    9    7    3    3
 -8.004238730893058e-05    9    7    4    1
 -1.023778303830514e-05    9    7    4    2
 -0.0001334913797697767    9    7    4    3
 0.002104336425509148    9    7    4    4
 -4.962085251611017e-05    9    7    5    1
 -4.714224460812773e-05    9    7    5    2
 6.896056768582481e-05    9    7    5    3
 0.0002488071050408688    9    7    5    4
 0.001992914221837846    9    7    5    5
 8.711350458971962e-05    9    7    6    1
 -7.916875795364231e-05    9    7    6    2
 -3.345120288469965e-05    9    7    6    3
 -4.959155058868846e-05    9    7    6    4
 1.524052173931682e-05    9    7    6    5
 0.002747278138680473    9    7    6    6
 -0.00031383028669223    9    7    7    1
 0.0001470827967911318    9    7    7    2
 1.327440712861138e-06    9    7    7    3
 8.031693311152373e-05    9    7    7    4
 -3.714693537197124e-05    9    7    7    5
 0.0008535108063244149    9    7    7    6
 0.004734842502704432    9    7    7    7
 -3.566750370798559e-05    9    7    8    1
 2.693997011207697e-05    9    7    8    2
 0.00032937824092608    9    7    8    3
 0.0001021135295434411    9    7    8    4
 -2.594867021961317e-05    9    7    8    5
 -0.0009725685218455747    9    7    8    6
 -0.00260001156021052    9    7    8    7
 0.005238271020205729    9    7    8    8
 -0.0001640594448220133    9    7    9    1
 0.0003548537191731844    9    7    9    2
 -0.001193161051525577    9    7    9    3
 -0.0002795079141432836    9    7    9    4
 -0.0002096255844501072    9    7    9    5
 -0.004998654801525232    9    7    9    6
 0.01997840900464348    9    7    9    7
 0.001175661081351282    9    8    1    1
 6.238255852516858e-05    9    8    2    1
 0.001361833498355647    9    8    2    2
 0.0001108030526330224    9    8    3    1
 4.518674259558034e-06    9    8    3    2
 0.001279456345851614    9    8    3    3
 1.267808440006494e-05    9    8    4    1
 3.662133641224988e-05    9    8    4    2
 9.392309529275419e-05    9    8    4    3
 0.001410654925874697    9    8    4    4
 4.64346969117356e-05    9    8    5    1
 4.597600283491871e-05    9    8    5    2
 -8.160194389893237e-05    9    8    5    3
 0.0001086133541858714    9    8    5    4
 0.00121287006353796    9    8    5    5
 -1.595563596745461e-05    9    8    6    1
 -5.661804148829223e-05    9    8    6    2
 0.0002649339089017287    9    8    6    3
 -0.0001693502815464586    9    8    6    4
 1.936905179633574e-05    9    8    6    5
 -0.001497456534005205    9    8    6    6
 -3.835134472125292e-05    9    8    7    1
 -6.293220664978058e-05    9    8    7    2
 -0.0004100256599928797    9    8    7    3
 7.148077727656347e-05    9    8    7    4
 -2.876435095553013e-05    9    8    7    5
 -0.002451271817861585    9    8    7    6
 0.008016530282765475    9    8    7    7
 -0.0003789431134585225    9    8    8    1
 9.35351132962625e-05    9    8    8    2
 -0.0001000099255413983    9    8    8    3
 0.0002829286783595761    9    8    8    4
 -0.0002048458931455411    9    8    8    5
 -0.001530451137275367    9    8    8    6
 -0.001142764979790104    9    8    8    7
 0.003591763431092268    9    8    8    8
 -7.110250494670534e-05    9    8    9    1
 -0.0003535282618037011    9    8    9    2
 0.0003202523097307578    9    8    9    3
 0.0005918426341277626    9    8    9    4
 -0.0003868962399195623    9    8    9    5
 -0.004393904368560344    9    8    9    6
 -0.001818818994623617    9    8    9    7
 0.02411332902586041    9    8    9    8
 0.1886795007742592    9    9    1    1
 0.001375561115846273    9    9    2    1
 0.1868023704196047    9    9    2    2
 0.001415703851330733    9    9    3    1
 -0.001819682726602178    9    9    3    2
 0.1888670101515496    9    9    3    3
 0.0002191112707986099    9    9    4    1
 -0.001681700514382117    9    9    4    2
 -0.001841863647545544    9    9    4    3
 0.1884174299638124    9    9    4    4
 0.001102202632853271    9    9    5    1
 -0.001733284246508656    9    9    5    2
 0.0009126828745802175    9    9    5    3
 0.009590799252395992    9    9    5    4
 0.1819815823064235    9    9    5    5
 0.0002262488878029924    9    9    6    1
 -0.004312680955934496    9    9    6    2
 -0.0007665561583197028    9    9    6    3
 0.01248304290383801    9    9    6    4
 0.01175740354047724    9    9    6    5
 0.6376025278317339    9    9    6    6
 -0.003541744116406686    9    9    7    1
 0.003587343685728924    9    9    7    2
 -0.01938251706628069    9    9    7    3
 0.00137186443325266    9    9    7    4
 -0.0006401608059962197    9    9    7    5
 0.008762132889742794    9    9    7    6
 0.5877984545056589    9    9    7    7
 0.0003583674418608934    9    9    8    1
 -0.007120931103124451    9    9    8    2
 0.00224785758906985    9    9    8    3
 0.01221443105720604    9    9    8    4
 -0.007631871259847866    9    9    8    5
 -0.02284075767441025    9    9    8    6
 0.002901131817623449    9    9    8    7
 0.6658884134841205    9    9    8    8
 -0.008510624665128894    9    9    9    1
 0.00380655813601553    9    9    9    2
 -0.002696380115607182    9    9    9    3
 0.007265279094167177    9    9    9    4
 -0.002739597610590646    9    9    9    5
 -0.004531419973066746    9    9    9    6
 0.004824991390179421    9    9    9    7
 0.00370948451618691    9    9    9    8
 0.7325579774026417    9    9    9    9
 0.003535022530892145   10    1    1    1
 -0.0002818286505291755   10    1    2    1
 0.002986819807712314   10    1    2    2
 0.0001372009336787791   10    1    3    1
 -4.891426509241099e-05   10    1    3    2
 0.002502729435588033   10    1    3    3
 2.551970669936355e-05   10    1    4    1
 3.790778813047561e-05   10    1    4    2
 -9.98702518595148e-05   10    1    4    3
 0.003204597364410226   10    1    4    4
 -5.118529040176948e-05   10    1    5    1
 2.51785223758085e-05   10    1    5    2
 0.0001003318848985548   10    1    5    3
 4.661854880162365e-05   10    1    5    4
 0.00271525210957889   10    1    5    5
 8.233494956892906e-06   10    1    6    1
 -2.585154067551783e-05   10    1    6    2
 -7.109221982586093e-06   10    1    6    3
 9.921039295504256e-05   10    1    6    4
 0.0001019841831210085   10    1    6    5
 0.002728848093197752   10    1    6    6
 -6.509516883356285e-05   10    1    7    1
 5.555256237937806e-05   10    1    7    2
 -0.0002331842284047637   10    1    7    3
 9.628461149320376e-06   10    1    7    4
 -1.307651065771909e-05   10    1    7    5
 -8.532415402304646e-05   10    1    7    6
 0.002521953454487759   10    1    7    7
 -1.467524920838219e-06   10    1    8    1
 -0.000110952170306881   10    1    8    2
 4.985892233388376e-05   10    1    8    3
 0.0001876907154052676   10    1    8    4
 -0.0001015827608594212   10    1    8    5
 -5.285829454032156e-05   10    1    8    6
 -7.039448589878158e-05   10    1    8    7
 0.003213468991572817   10    1    8    8
 -9.031850265853988e-05   10    1    9    1
 6.025795591773687e-05   10    1    9    2
 -4.390099782900122e-05   10    1    9    3
 0.000107533491637244   10    1    9    4
 -2.176694280699917e-05   10    1    9    5
 2.653338124136805e-05   10    1    9    6
 4.077122070322931e-05   10    1    9    7
 -3.68256408615186e-05   10    1    9    8
 0.003026286657286516   10    1    9    9
 0.0001053579647622835   10    1   10    1
 -0.008320903885487037   10    2    1    1
 -0.0001636458964261401   10    2    2    1
 -0.008298918438883496   10    2    2    2
 0.0001528907770165472   10    2    3    1
 0.0001366381461671363   10    2    3    2
 -0.005730090452885261   10    2    3    3
 -4.00635578674657e-05   10    2    4    1
 9.331803903474206e-05   10    2    4    2
 0.0003087809365561203   10    2    4    3
 -0.007789492081231458   10    2    4    4
 -7.634024678235228e-05   10    2    5    1
 5.295961374572031e-05   10    2    5    2
 -0.0002629930159913276   10    2    5    3
 2.84854920867541e-06   10    2    5    4
 -0.007109720701572645   10    2    5    5
 -5.316503312106983e-05   10    2    6    1
 6.647934521351356e-05   10    2    6    2
 0.0002398942708355793   10    2    6    3
 -0.0004696895418744862   10    2    6    4
 -0.0006016605897884308   10    2    6    5
 -0.007066050851295162   10    2    6    6
 0.0001941618657455219   10    2    7    1
 -0.0003047756820369821   10    2    7    2
 0.001249075031316516   10    2    7    3
 0.0005750591742585438   10    2    7    4
 0.0002599654302168189   10    2    7    5
 -0.0002188445518556522   10    2    7    6
 -0.005694635287326478   10    2    7    7
 -7.687181370766068e-05   10    2    8    1
 0.0003795840325124064   10    2    8    2
 -0.0007284784534384894   10    2    8    3
 -0.0004953020754032032   10    2    8    4
 0.0004395738646816973   10    2    8    5
 6.729047476106807e-05   10    2    8    6
 -0.0003086402288168116   10    2    8    7
 -0.007591815776563147   10    2    8    8
 0.0002133775944761179   10    2    9    1
 -0.0001940351441901196   10    2    9    2
 -2.567166497111281e-05   10    2    9    3
 -0.0002023434550846504   10    2    9    4
 0.0001314300853814854   10    2    9    5
 -0.0001062197975789861   10    2    9    6
 8.460779057414662e-05   10    2    9    7
 -5.418419536341624e-05   10    2    9    8
 -0.008080358786068166   10    2    9    9
 -0.0001155976795084135   10    2   10    1
 0.001032622048292336   10    2   10    2
 0.00297650375229139   10    3    1    1
 0.0001309941355364226   10    3    2    1
 0.003376527661333133   10    3    2    2
 8.922165319065222e-05   10    3    3    1
 -0.000297051679967882   10    3    3    2
 0.002857266104636528   10    3    3    3
 0.0002132985122126338   10    3    4    1
 -4.079509003909352e-05   10    3    4    2
 -2.945970620094116e-05   10    3    4    3
 0.003129756444989456   10    3    4    4
 0.0001162717496256265   10    3    5    1
 -0.0001858858072504217   10    3    5    2
 -0.0001161728975623587   10    3    5    3
 0.0002858271620160309   10    3    5    4
 0.002752802982667757   10    3    5    5
 -1.057456121576431e-05   10    3    6    1
 4.581920757070147e-06   10    3    6    2
 0.000116336030509555   10    3    6    3
 0.0001007431014534438   10    3    6    4
 0.0001309415612255777   10    3    6    5
 0.00221373508613032   10    3    6    6
 -1.194202611491095e-05   10    3    7    1
 5.618221909054119e-05   10    3    7    2
 -0.0002419097921640603   10    3    7    3
 0.0002882954226597626   10    3    7    4
 3.987785953793161e-05   10    3    7    5
 -0.000175457701851444   10    3    7    6
 0.00192192040066331   10    3    7    7
 3.95673028229388e-05   10    3    8    1
 -9.767752249166408e-05   10    3    8    2
 -0.0002370221688490394   10    3    8    3
 0.0001183688707881081   10    3    8    4
 -0.0001406823042747071   10    3    8    5
 -0.000325636206993221   10    3    8    6
 -0.0001148190704772869   10    3    8    7
 0.002658821427695273   10    3    8    8
 -0.0001617274794774917   10    3    9    1
 2.790346620278531e-05   10    3    9    2
 -7.409593834605013e-05   10    3    9    3
 7.949835427263371e-05   10    3    9    4
 3.735925437726192e-05   10    3    9    5
 0.0003759266866009986   10    3    9    6
 4.608067484816144e-05   10    3    9    7
 -0.000492610344664765   10    3    9    8
 0.001876273821070764   10    3    9    9
 5.731347559715369e-05   10    3   10    1
 -2.252196056822441e-05   10    3   10    2
 0.0004282278451655974   10    3   10    3
 -0.0003904900661326525   10    4    1    1
 8.704153375984332e-06   10    4    2    1
 -0.0001516778305698232   10    4    2    2
 -0.000128247802295831   10    4    3    1
 -3.90373887408534e-05   10    4    3    2
 6.213552468915634e-05   10    4    3    3
 9.435143579431274e-05   10    4    4    1
 -0.000373030834122013   10    4    4    2
 1.984670413083639e-05   10    4    4    3
 -0.0003294998108161663   10    4    4    4
 0.0001019387583931248   10    4    5    1
 -8.579573574210731e-05   10    4    5    2
 2.520248251924363e-06   10    4    5    3
 0.000136660043373269   10    4    5    4
 -0.0003857584366278106   10    4    5    5
 7.639901101847406e-06   10    4    6    1
 -6.214067669461965e-06   10    4    6    2
 1.343030269031056e-05   10    4    6    3
 -5.303201787697784e-05   10    4    6    4
 -8.608606304713243e-05   10    4    6    5
 -0.0004147083956980679   10    4    6    6
 4.260992684398809e-05   10    4    7    1
 1.088261672196973e-05   10    4    7    2
 0.0002561056803485208   10    4    7    3
 7.66631029815101e-05   10    4    7    4
 -7.695092356061138e-06   10    4    7    5
 -3.26571946664344e-05   10    4    7    6
 -8.344138063235737e-05   10    4    7    7
 -1.349079187389475e-05   10    4    8    1
 5.280368010646952e-08   10    4    8    2
 -9.624955255796548e-05   10    4    8    3
 -9.469487745987154e-05   10    4    8    4
 4.834585395005419e-05   10    4    8    5
 -4.456560490663208e-05   10    4    8    6
 8.307804524543105e-05   10    4    8    7
 -0.0008101016188622548   10    4    8    8
 6.799171231289558e-05   10    4    9    1
 -5.473616308327128e-05   10    4    9    2
 9.229616042328192e-06   10    4    9    3
 -2.129374390015276e-06   10    4    9    4
 1.656895981852179e-05   10    4    9    5
 -6.27598942620454e-05   10    4    9    6
 -0.0002112193089982497   10    4    9    7
 0.0004146598168114292   10    4    9    8
 -0.0003559541531364007   10    4    9    9
 8.722395857331173e-06   10    4   10    1
 0.0001143523972757128   10    4   10    2
 4.297374273928016e-05   10    4   10    3
 0.0002712168856876544   10    4   10    4
 -0.0005415471531042197   10    5    1    1
 -9.899161066081245e-05   10    5    2    1
 -0.0007481185651026185   10    5    2    2
 -6.782209692831633e-05   10    5    3    1
 -8.703510431559724e-05   10    5    3    2
 -0.0005902570678887567   10    5    3    3
 5.173872597152037e-05   10    5    4    1
 1.911979951748732e-05   10    5    4    2
 4.571953908052083e-06   10    5    4    3
 -0.0005697796646750369   10    5    4    4
 0.0001297418415181062   10    5    5    1
 -0.0002736248757269833   10    5    5    2
 9.860067758985788e-05   10    5    5    3
 -0.0001676072193769553   10    5    5    4
 -0.0005661180477810581   10    5    5    5
 4.062509473267468e-05   10    5    6    1
 -3.961825713200304e-05   10    5    6    2
 -2.121008393079927e-05   10    5    6    3
 -3.201864660579398e-06   10    5    6    4
 2.024304770114441e-05   10    5    6    5
 -0.0006644094650324167   10    5    6    6
 1.755458636085435e-05   10    5    7    1
 5.668596445235144e-05   10    5    7    2
 -4.39710172949356e-05   10    5    7    3
 -5.006816093509725e-05   10    5    7    4
 -2.067989007160658e-05   10    5    7    5
 5.235910899870151e-05   10    5    7    6
 -0.0006247205783030508   10    5    7    7
 -1.134397542056832e-05   10    5    8    1
 1.347444695805656e-05   10    5    8    2
 4.463012666288885e-06   10    5    8    3
 -2.566292673602199e-05   10    5    8    4
 3.665617621704743e-06   10    5    8    5
 7.107783773933782e-05   10    5    8    6
 1.002417838141271e-05   10    5    8    7
 -0.0006898514104641533   10    5    8    8
 -2.055582357315278e-05   10    5    9    1
 7.444623524705551e-06   10    5    9    2
 -2.50328328261896e-05   10    5    9    3
 1.461589844862863e-06   10    5    9    4
 -1.460478235019082e-05   10    5    9    5
 -0.0001965533110785836   10    5    9    6
 0.000166639046765573   10    5    9    7
 1.309205569044017e-05   10    5    9    8
 -0.000547525343677028   10    5    9    9
 3.816587916724323e-06   10    5   10    1
 -4.334573737818606e-05   10    5   10    2
 -9.515552318057717e-05   10    5   10    3
 6.863328231491673e-05   10    5   10    4
 0.0001868982826922206   10    5   10    5
 0.001060938794919537   10    6    1    1
 4.970833374972522e-05   10    6    2    1
 0.000954710440669646   10    6    2    2
 3.936041494228306e-05   10    6    3    1
 5.656348112978646e-05   10    6    3    2
 0.001072450024671998   10    6    3    3
 -6.346562647859969e-05   10    6    4    1
 -4.613980424965547e-05   10    6    4    2
 -4.32959196341417e-05   10    6    4    3
 0.0010558347446643   10    6    4    4
 -7.287211615213456e-05   10    6    5    1
 4.988690370779294e-06   10    6    5    2
 8.497390023704332e-05   10    6    5    3
 0.0001121835376939697   10    6    5    4
 0.001051046347364364   10    6    5    5
 0.0001439065320498203   10    6    6    1
 -0.0003265777240369645   10    6    6    2
 0.0001482409857484274   10    6    6    3
 1.157586399805561e-05   10    6    6    4
 3.46590167664792e-05   10    6    6    5
 0.003165060893532116   10    6    6    6
 -0.0001057921422429873   10    6    7    1
 -8.404003796860046e-05   10    6    7    2
 -6.56395379334977e-05   10    6    7    3
 -7.90720556211286e-05   10    6    7    4
 -6.007959762242836e-05   10    6    7    5
 5.180199481149287e-05   10    6    7    6
 0.003195128203545676   10    6    7    7
 -9.576437437303966e-05   10    6    8    1
 1.529746677931186e-05   10    6    8    2
 0.0002559539906463285   10    6    8    3
 7.311181450223711e-05   10    6    8    4
 3.393382419333609e-05   10    6    8    5
 0.0006575831534378463   10    6    8    6
 -0.001668680224645883   10    6    8    7
 0.0007875704651370813   10    6    8    8
 -0.0001069606181423456   10    6    9    1
 6.145809475095294e-05   10    6    9    2
 -0.0002544378598725821   10    6    9    3
 5.197842595764698e-05   10    6    9    4
 -0.0002242158692846551   10    6    9    5
 -0.004607534842061702   10    6    9    6
 0.003421140915518731   10    6    9    7
 0.002945163107523778   10    6    9    8
 0.006339148698202754   10    6    9    9
 -9.618773980296693e-06   10    6   10    1
 -0.0001160020341105002   10    6   10    2
 -0.0003886208308360794   10    6   10    3
 0.0004387781436052838   10    6   10    4
 0.0004616877784839547   10    6   10    5
 0.0178173499657603   10    6   10    6
 -0.001486817460020934   10    7    1    1
 -8.676234379599822e-06   10    7    2    1
 -0.00142205821837724   10    7    2    2
 3.091537266039188e-05   10    7    3    1
 0.0002337787467106882   10    7    3    2
 -0.001505010274967982   10    7    3    3
 -4.874261873006981e-05   10    7    4    1
 0.0001136472953382859   10    7    4    2
 0.0001911665029912621   10    7    4    3
 -0.001366732723678134   10    7    4    4
 -4.175550452121048e-05   10    7    5    1
 0.0001262806018677817   10    7    5    2
 -0.0001030631387309459   10    7    5    3
 -0.0001529682112531679   10    7    5    4
 -0.001349302070530971   10    7    5    5
 7.231882314132644e-05   10    7    6    1
 -0.0001330140654095963   10    7    6    2
 0.0001933369735148245   10    7    6    3
 -6.898630746261755e-05   10    7    6    4
 -7.592046011990183e-05   10    7    6    5
 -0.004215673321276401   10    7    6    6
 0.0001002848665516075   10    7    7    1
 -0.0003305467740595736   10    7    7    2
 3.509531770702651e-05   10    7    7    3
 5.568530910157134e-05   10    7    7    4
 6.12107403981515e-05   10    7    7    5
 8.719405669704062e-05   10    7    7    6
 -0.004152012439277592   10    7    7    7
 -0.0001299649659260009   10    7    8    1
 0.0001193172219498278   10    7    8    2
 -2.369491825463209e-05   10    7    8    3
 3.39941556980841e-05   10    7    8    4
 0.0001431440818724781   10    7    8    5
 0.003936186781351281   10    7    8    6
 -0.001368074236970384   10    7    8    7
 -0.008088623283644418   10    7    8    8
 -0.0001407749394269228   10    7    9    1
 -3.933054741829849e-05   10    7    9    2
 5.555740773203596e-05   10    7    9    3
 0.0001131508314237695   10    7    9    4
 -0.0001753564231946224   10    7    9    5
 -0.004621903216707531   10    7    9    6
 0.001414498634090166   10    7    9    7
 0.00733591976738047   10    7    9    8
 0.002027382208908162   10    7    9    9
 -0.0001395052486341345   10    7   10    1
 8.53166154129884e-05   10    7   10    2
 -0.00126433886998909   10    7   10    3
 0.0005250695380438703   10    7   10    4
 0.0001337349440108622   10    7   10    5
 0.004762304038251314   10    7   10    6
 0.02191205785220209   10    7   10    7
 -0.0002556727342950301   10    8    1    1
 -4.960940034967203e-05   10    8    2    1
 0.0001104375220047738   10    8    2    2
 -4.482364799715293e-05   10    8    3    1
 -8.53205720731508e-05   10    8    3    2
 -0.0002988880617067808   10    8    3    3
 9.369341781646107e-05   10    8    4    1
 1.284793956339148e-05   10    8    4    2
 0.0001193518508555451   10    8    4    3
 -0.0001449569432379141   10    8    4    4
 6.459217888852126e-05   10    8    5    1
 5.2501629423589e-05   10    8    5    2
 -0.0001456975726052109   10    8    5    3
 -8.691984979129588e-05   10    8    5    4
 -0.0002095546365064189   10    8    5    5
 -5.566011772960836e-05   10    8    6    1
 -4.09022057392052e-05   10    8    6    2
 9.480473078401206e-05   10    8    6    3
 1.045582036244439e-05   10    8    6    4
 -3.494770401330494e-05   10    8    6    5
 -0.003784083913287047   10    8    6    6
 0.0002058387896969867   10    8    7    1
 -9.286089538519196e-05   10    8    7    2
 -3.67087906019909e-05   10    8    7    3
 0.0001190811972996072   10    8    7    4
 4.869271620002541e-05   10    8    7    5
 -0.001900687217429125   10    8    7    6
 -0.001001801091734022   10    8    7    7
 8.610338127645043e-05   10    8    8    1
 -0.000270735943941836   10    8    8    2
 -0.0003775512001405495   10    8    8    3
 -5.651230009795829e-05   10    8    8    4
 -5.757665708146609e-05   10    8    8    5
 0.001493064930852863   10    8    8    6
 0.002281513951254442   10    8    8    7
 -0.002436435035213322   10    8    8    8
 6.21014541494964e-05   10    8    9    1
 -0.0002855717027123176   10    8    9    2
 0.0006256849117989018   10    8    9    3
 0.000339934579950425   10    8    9    4
 7.877830229719227e-05   10    8    9    5
 0.004326406505601035   10    8    9    6
 -0.008851660909868077   10    8    9    7
 0.006140185084440039   10    8    9    8
 -0.002671960259500271   10    8    9    9
 -1.30167720991388e-05   10    8   10    1
 -0.0002528931292641466   10    8   10    2
 -0.0002236926742879996   10    8   10    3
 0.000678042875571469   10    8   10    4
 -0.0003759505138428187   10    8   10    5
 -0.003457603326528513   10    8   10    6
 0.001855923065585757   10    8   10    7
 0.02561883348273039   10    8   10    8
 0.001724869623415657   10    9    1    1
 3.571858286117559e-05   10    9    2    1
 0.001460821948800081   10    9    2    2
 1.603546879951006e-05   10    9    3    1
 -5.555517057735051e-05   10    9    3    2
 0.002074978379308399   10    9    3    3
 4.40872350999698e-05   10    9    4    1
 -7.675214087953671e-05   10    9    4    2
 -0.0001317563640805573   10    9    4    3
 0.001710746394701818   10    9    4    4
 5.32335675420517e-05   10    9    5    1
 -8.812798182160678e-05   10    9    5    2
 9.25623574570989e-05   10    9    5    3
 0.0002792053603386231   10    9    5    4
 0.001751062257144551   10    9    5    5
 -5.798177901036788e-05   10    9    6    1
 -0.0002574631391724327   10    9    6    2
 -0.0001423270787251854   10    9    6    3
 0.0006405546905439241   10    9    6    4
 0.0007280599177206764   10    9    6    5
 0.03520315544533793   10    9    6    6
 -0.0001649949377965799   10    9    7    1
 0.00017021870889201   10    9    7    2
 -0.0008365784878457267   10    9    7    3
 -1.226699678435918e-05   10    9    7    4
 -3.88944480089695e-05   10    9    7    5
 0.001460881403987776   10    9    7    6
 0.02479811441954199   10    9    7    7
 -1.969083286052536e-05   10    9    8    1
 -0.0002317662636942745   10    9    8    2
 4.248263943552206e-05   10    9    8    3
 0.0002828706753809001   10    9    8    4
 -0.0003063107382298699   10    9    8    5
 -0.008871428856264728   10    9    8    6
 0.001365897905885597   10    9    8    7
 0.01768096865092095   10    9    8    8
 -0.0001420319410156425   10    9    9    1
 -0.0002970223158152522   10    9    9    2
 0.0001815321634209201   10    9    9    3
 0.0003132421174581552   10    9    9    4
 -9.498801996546141e-05   10    9    9    5
 -0.001279670997382737   10    9    9    6
 -0.00205178324865473   10    9    9    7
 -3.14992823290026e-05   10    9    9    8
 0.03150259294670452   10    9    9    9
 -0.000294323432370748   10    9   10    1
 -0.0002914256359859884   10    9   10    2
 -8.667308935026283e-05   10    9   10    3
 0.0003820563976575223   10    9   10    4
 -0.0001063228831959891   10    9   10    5
 0.000123946175483749   10    9   10    6
 -0.0003408021315206028   10    9   10    7
 0.0007747865710826344   10    9   10    8
 0.02921766474745534   10    9   10    9
 0.1868952220285592   10   10    1    1
 0.001494696972480961   10   10    2    1
 0.1888900455176537   10   10    2    2
 0.001486900579451814   10   10    3    1
 -0.002054300213672017   10   10    3    2
 0.1894227343601002   10   10    3    3
 0.0006337955564480592   10   10    4    1
 -0.001473764987439606   10   10    4    2
 -0.0003531763921186133   10   10    4    3
 0.1884648131901795   10   10    4    4
 0.001281116560144158   10   10    5    1
 -0.001691653872318748   10   10    5    2
 -0.0005575602359390605   10   10    5    3
 0.009687246497060816   10   10    5    4
 0.1821829414229968   10   10    5    5
 0.0004803774763728126   10   10    6    1
 -0.004705358144276988   10   10    6    2
 0.0008230117022826442   10   10    6    3
 0.01259527863860538   10   10    6    4
 0.012028369524552   10   10    6    5
 0.6507739435042019   10   10    6    6
 -0.003114823725482443   10   10    7    1
 0.003488539997327989   10   10    7    2
 -0.0194940797052321   10   10    7    3
 0.003081707782906495   10   10    7    4
 -0.0001356615713601874   10   10    7    5
 -0.01174423716998925   10   10    7    6
 0.5924528697321663   10   10    7    7
 0.0005768381798920379   10   10    8    1
 -0.007050202616492654   10   10    8    2
 0.0007062628799985697   10   10    8    3
 0.01225369809474067   10   10    8    4
 -0.007770383589445437   10   10    8    5
 -0.02521875061738076   10   10    8    6
 -0.007247925658885887   10   10    8    7
 0.6720549995866851   10   10    8    8
 -0.008574990931756296   10   10    9    1
 0.003343403282677029   10   10    9    2
 -0.003002393095481808   10   10    9    3
 0.006943733297263609   10   10    9    4
 -0.002384354473167475   10   10    9    5
 -0.004594784801237128   10   10    9    6
 0.003635465045362794   10   10    9    7
 0.001711302825282702   10   10    9    8
 0.6860717908358072   10   10    9    9
 0.003537927484344252   10   10   10    1
 -0.00820453743390237   10   10   10    2
 0.002748143208904647   10   10   10    3
 -0.0006458188079614664   10   10   10    4
 -0.0007092439543330218   10   10   10    5
 0.003974069539898878   10   10   10    6
 -0.004155263949517908   10   10   10    7
 -0.002485595375540069   10   10   10    8
 0.03203336749127495   10   10   10    9
 0.7515176188842321   10   10   10   10
 -3.909846105001776    1    1  0  0
 -0.1307536088809289    2    1  0  0
 -3.894831694368734    2    2  0  0
 -0.02226660708707473    3    1  0  0
 0.02756198803037172    3    2  0  0
 -3.505314926688415    3    3  0  0
 -0.01962928195651833    4    1  0  0
 0.02905152839407785    4    2  0  0
 0.01650001422302173    4    3  0  0
 -3.833947634833707    4    4  0  0
 -0.01909713212850623    5    1  0  0
 0.02718969654408101    5    2  0  0
 -0.002819467991319543    5    3  0  0
 -0.1505857638313249    5    4  0  0
 -3.653258561814302    5    5  0  0
 -0.008414994902590822    6    1  0  0
 0.03984336958831494    6    2  0  0
 0.0006313779058365763    6    3  0  0
 -0.1170897328918332    6    4  0  0
 -0.1311992607289438    6    5  0  0
 -3.657987082793457    6    6  0  0
 0.03029293717264058    7    1  0  0
 -0.03389273379721736    7    2  0  0
 0.2216970038010975    7    3  0  0
 -0.01932956001956045    7    4  0  0
 0.004140092234822389    7    5  0  0
 0.00646656497980051    7    6  0  0
 -3.508775504389749    7    7  0  0
 -0.002895769310851218    8    1  0  0
 0.0523439834403651    8    2  0  0
 -0.01937424409545426    8    3  0  0
 -0.08462635689923048    8    4  0  0
 0.1193988075663084    8    5  0  0
 0.1562558216923422    8    6  0  0
 0.01143117353009112    8    7  0  0
 -3.83688787583082    8    8  0  0
 0.08515835661047287    9    1  0  0
 -0.02632342923852986    9    2  0  0
 0.03384514321055553    9    3  0  0
 -0.05660227162525382    9    4  0  0
 0.03344278454520309    9    5  0  0
 0.0257828349505628    9    6  0  0
 -0.02929662162693954    9    7  0  0
 -0.02236582842644178    9    8  0  0
 -3.883335557034044    9    9  0  0
 -0.01914332148264017   10    1  0  0
 0.08283356055804823   10    2  0  0
 -0.02854765770609091   10    3  0  0
 0.002989532228005942   10    4  0  0
 0.001146401479436762   10    5  0  0
 -0.01782076228769078   10    6  0  0
 0.02402973968330992   10    7  0  0
 0.0139113296731974   10    8  0  0
 -0.1320402370277028   10    9  0  0
 -3.921817450595295   10   10  0  0
 -95.54974224310712  0  0  0  0
