 &FCI NORB=  10,NELEC=10,MS2=0,
  ORBSYM=1,1,1,1,1,1,1,1,1,1,
  ISYM=1,
 &END
 0.7347088059138607    1    1    1    1
 0.03589212446025414    2    1    1    1
 0.0297283486720871    2    1    2    1
 0.6755078205091218    2    2    1    1
 0.03588235055424299    2    2    2    1
 0.7318199490997346    2    2    2    2
 -0.005417704306258346    3    1    1    1
 -0.0009874482557303049    3    1    2    1
 -0.003816347776347733    3    1    2    2
 0.0243226294201134    3    1    3    1
 0.01792073551142492    3    2    1    1
 0.0001512045822025344    3    2    2    1
 0.01506649493288167    3    2    2    2
 0.002763015513934213    3    2    3    1
 0.01741739052948539    3    2    3    2
 0.605242767088903    3    3    1    1
 0.02334584124820361    3    3    2    1
 0.6199003484663821    3    3    2    2
 -0.003620555417731136    3    3    3    1
 0.01319687767874999    3    3    3    2
 0.588250176173428    3    3    3    3
 0.008406029540656073    4    1    1    1
 -0.001540334984839429    4    1    2    1
 0.01171883876504626    4    1    2    2
 -0.001240004492404692    4    1    3    1
 0.001307829868135563    4    1    3    2
 0.005456105703968981    4    1    3    3
 0.0166477393129715    4    1    4    1
 -0.009476524959561833    4    2    1    1
 -0.001924460841375006    4    2    2    1
 -0.01364487194902514    4    2    2    2
 0.005163005258999724    4    2    3    1
 -0.001219966900338865    4    2    3    2
 -0.01870799063447122    4    2    3    3
 0.002245710561196409    4    2    4    1
 0.02479375696757505    4    2    4    2
 0.02001865884562419    4    3    1    1
 -0.004399347137070501    4    3    2    1
 0.01894754713463657    4    3    2    2
 -0.0002165211461851207    4    3    3    1
 0.004415516850978215    4    3    3    2
 0.01646187677478935    4    3    3    3
 0.0043637422306332    4    3    4    1
 0.000239682432812568    4    3    4    2
 0.02004706041218755    4    3    4    3
 0.6247301411906707    4    4    1    1
 0.02447768497123084    4    4    2    1
 0.6067004943882153    4    4    2    2
 -0.01178882651335233    4    4    3    1
 0.01005899353739142    4    4    3    2
 0.5487722510897066    4    4    3    3
 0.007354679624771572    4    4    4    1
 -0.01072445640198419    4    4    4    2
 0.0168319681531332    4    4    4    3
 0.5920556625447468    4    4    4    4
 0.00075497778738357    5    1    1    1
 -0.001144983003847279    5    1    2    1
 0.006074839690008818    5    1    2    2
 -0.0002892113105594679    5    1    3    1
 -0.0002236192330884717    5    1    3    2
 -0.004275192175522777    5    1    3    3
 0.004840096868781016    5    1    4    1
 0.007358336306959679    5    1    4    2
 0.003458455974680457    5    1    4    3
 0.001227773469979317    5    1    4    4
 0.02367822447805403    5    1    5    1
 -0.0009497687756955084    5    2    1    1
 -0.002572382549446388    5    2    2    1
 -0.003399211817626084    5    2    2    2
 0.007287985788165339    5    2    3    1
 0.004824776739876885    5    2    3    2
 0.001019819223191749    5    2    3    3
 -0.000583743617870228    5    2    4    1
 -0.0008351710788477413    5    2    4    2
 0.00305761853589153    5    2    4    3
 -0.007503033213094597    5    2    4    4
 -0.002953930503110337    5    2    5    1
 0.02297242431654557    5    2    5    2
 0.02212438303077598    5    3    1    1
 -0.004889381141083802    5    3    2    1
 0.01148636389089861    5    3    2    2
 0.002223669075320735    5    3    3    1
 -0.0008707543047577623    5    3    3    2
 0.01832483970451297    5    3    3    3
 -0.002837108848334025    5    3    4    1
 0.0005559260966157031    5    3    4    2
 -0.000822212356373944    5    3    4    3
 0.02168793405681825    5    3    4    4
 -0.004056401361637244    5    3    5    1
 0.001547066062359945    5    3    5    2
 0.02291387787627191    5    3    5    3
 0.007372246093204064    5    4    1    1
 -0.004864915583384166    5    4    2    1
 0.01888002315986025    5    4    2    2
 -0.0006528006230849916    5    4    3    1
 -0.004128936147214595    5    4    3    2
 0.01731972292678288    5    4    3    3
 0.0003343322895856017    5    4    4    1
 0.00193117896846433    5    4    4    2
 -0.001093676771059175    5    4    4    3
 0.01463208142219943    5    4    4    4
 0.002113733870488584    5    4    5    1
 -0.00392764470711649    5    4    5    2
 0.004388937176545316    5    4    5    3
 0.02335485995812014    5    4    5    4
 0.6746277608125714    5    5    1    1
 0.03838686642025993    5    5    2    1
 0.6746265914048502    5    5    2    2
 0.00321160031516629    5    5    3    1
 0.01129361877159353    5    5    3    2
 0.5995059105784981    5    5    3    3
 0.00444183189363044    5    5    4    1
 -0.005467813277572411    5    5    4    2
 0.008798060390804217    5    5    4    3
 0.6003536332184151    5    5    4    4
 0.0006304230486359868    5    5    5    1
 -0.003106749617488599    5    5    5    2
 0.02203814004626796    5    5    5    3
 0.01774674319278391    5    5    5    4
 0.7069732962871565    5    5    5    5
 -0.0002066681099701801    6    1    1    1
 0.0002173232753547453    6    1    2    1
 0.0005389246343542114    6    1    2    2
 -0.0004164389239100244    6    1    3    1
 -0.0001401418397648787    6    1    3    2
 0.0004246298202006551    6    1    3    3
 -6.527052813521482e-05    6    1    4    1
 -0.000140635548186376    6    1    4    2
 -9.72172464391795e-05    6    1    4    3
 -7.786064640107578e-05    6    1    4    4
 0.0005238230377010726    6    1    5    1
 -0.0002748643501741717    6    1    5    2
 -0.0001794666406021911    6    1    5    3
 6.848626151667603e-05    6    1    5    4
 8.1500499421868e-05    6    1    5    5
 0.0004274954457325217    6    1    6    1
 0.001326933272696279    6    2    1    1
 0.0002067801203988176    6    2    2    1
 0.0005237373914088569    6    2    2    2
 -0.000172748617138077    6    2    3    1
 -1.602902656088936e-05    6    2    3    2
 0.0004888739646797689    6    2    3    3
 -9.663994283410713e-05    6    2    4    1
 -0.0003630557110344669    6    2    4    2
 -4.87193424004302e-08    6    2    4    3
 0.00125966677921423    6    2    4    4
 -0.0002840903178058116    6    2    5    1
 0.000465984763223195    6    2    5    2
 0.00013101820909681    6    2    5    3
 -9.759403110204679e-05    6    2    5    4
 0.0008404166457827887    6    2    5    5
 -0.0001984854900396336    6    2    6    1
 0.0005935314070079861    6    2    6    2
 -0.00731974051941625    6    3    1    1
 -0.0004745792153919866    6    3    2    1
 -0.006489080026009114    6    3    2    2
 0.0004414962804841014    6    3    3    1
 -0.0003850565916898986    6    3    3    2
 -0.005479056381510696    6    3    3    3
 -0.0003384562305587478    6    3    4    1
 4.368498499289182e-05    6    3    4    2
 -0.0008265356422514513    6    3    4    3
 -0.006260013209103352    6    3    4    4
 -0.0001168369948893411    6    3    5    1
 4.390815088904452e-06    6    3    5    2
 0.0001819880968654805    6    3    5    3
 -6.443509398489162e-05    6    3    5    4
 -0.006188960222126621    6    3    5    5
 0.0003175544521710462    6    3    6    1
 -0.0005201461567292989    6    3    6    2
 0.001167771406967237    6    3    6    3
 -0.006970538209887612    6    4    1    1
 -0.0004788787049424778    6    4    2    1
 -0.007632303793337161    6    4    2    2
 1.595925750786922e-05    6    4    3    1
 -0.0004423811459276353    6    4    3    2
 -0.006693775361945839    6    4    3    3
 -0.0002241025088798605    6    4    4    1
 0.0007189790961794941    6    4    4    2
 -0.0007667716747381371    6    4    4    3
 -0.006030502250183271    6    4    4    4
 -4.750965579738699e-05    6    4    5    1
 -9.039331151892089e-05    6    4    5    2
 -0.0001026919605425606    6    4    5    3
 0.0003326106284839322    6    4    5    4
 -0.006616127419742467    6    4    5    5
 -0.0003357620495831569    6    4    6    1
 0.0004255865328566991    6    4    6    2
 -0.0005052051216524543    6    4    6    3
 0.001188014083804404    6    4    6    4
 0.01308992440840139    6    5    1    1
 0.0009573045637294325    6    5    2    1
 0.0129643514683086    6    5    2    2
 -0.0002134203861664478    6    5    3    1
 0.0005312836895152163    6    5    3    2
 0.01092019464427568    6    5    3    3
 0.0002871801966526084    6    5    4    1
 -0.0004671441772372516    6    5    4    2
 0.0006344614190071418    6    5    4    3
 0.01100894991927241    6    5    4    4
 1.634209526670552e-05    6    5    5    1
 -3.321104746352553e-06    6    5    5    2
 0.0002587242829545203    6    5    5    3
 8.240474542410723e-05    6    5    5    4
 0.01311852921604724    6    5    5    5
 -2.592514937847896e-07    6    5    6    1
 7.856500153345382e-05    6    5    6    2
 -0.0003909297312260223    6    5    6    3
 -0.0003492698328226127    6    5    6    4
 0.001474914429439847    6    5    6    5
 0.1947677360169356    6    6    1    1
 0.0009039219391094844    6    6    2    1
 0.1953857344452943    6    6    2    2
 0.001814555154178195    6    6    3    1
 -0.001951791700973126    6    6    3    2
 0.1878252104005592    6    6    3    3
 -0.001560086907301957    6    6    4    1
 0.001804904793479115    6    6    4    2
 -0.005344992221939912    6    6    4    3
 0.1882788379627133    6    6    4    4
 -0.0004518843572169144    6    6    5    1
 -0.0007788086276156133    6    6    5    2
 0.004381575765648208    6    6    5    3
 0.004466118020984758    6    6    5    4
 0.2009854008421458    6    6    5    5
 0.0002832642926342953    6    6    6    1
 0.001238603001643677    6    6    6    2
 -0.006273236416575086    6    6    6    3
 -0.005860272258086195    6    6    6    4
 0.01306124121250335    6    6    6    5
 0.7091206086832238    6    6    6    6
 -0.004981394567929836    7    1    1    1
 -1.802545493018777e-05    7    1    2    1
 -0.004267874851804265    7    1    2    2
 -0.0004565989766744788    7    1    3    1
 -0.0002239976979242639    7    1    3    2
 -0.003833613727372967    7    1    3    3
 0.0003949267991619507    7    1    4    1
 0.0001247591198092662    7    1    4    2
 -0.0002315453655820067    7    1    4    3
 -0.004003078217014832    7    1    4    4
 0.0003289808341458237    7    1    5    1
 -0.0003000986987506894    7    1    5    2
 -0.0005105627292478955    7    1    5    3
 -3.673383836983705e-05    7    1    5    4
 -0.004653898969544415    7    1    5    5
 4.389539867874072e-05    7    1    6    1
 -9.136440220389058e-05    7    1    6    2
 0.0001543211913085513    7    1    6    3
 7.513602718787131e-05    7    1    6    4
 -0.0002082004318134847    7    1    6    5
 -0.004212021510030663    7    1    6    6
 0.0004452293377912876    7    1    7    1
 0.003014146317837584    7    2    1    1
 -0.0001995035515526039    7    2    2    1
 0.003662234158291947    7    2    2    2
 0.0001866166181925815    7    2    3    1
 -6.718801671640973e-06    7    2    3    2
 0.00263507199551823    7    2    3    3
 0.0003190065028498393    7    2    4    1
 0.0007645276382942635    7    2    4    2
 0.0005216767309574171    7    2    4    3
 0.002282902325218127    7    2    4    4
 0.0004242245984052063    7    2    5    1
 0.0001411743233886657    7    2    5    2
 0.0001420518964821897    7    2    5    3
 0.0004045187954878639    7    2    5    4
 0.003247678693564739    7    2    5    5
 4.458843695691028e-05    7    2    6    1
 -6.937798633497402e-05    7    2    6    2
 -5.900452747147555e-05    7    2    6    3
 -0.0002005611722697863    7    2    6    4
 0.0002208037915674915    7    2    6    5
 0.002393173092871593    7    2    6    6
 -7.383968832252881e-05    7    2    7    1
 0.0003872349055441147    7    2    7    2
 -0.004754482954773829    7    3    1    1
 -0.0005281994856985336    7    3    2    1
 -0.004610100781820832    7    3    2    2
 0.0001535297842534192    7    3    3    1
 -0.0001212699151441371    7    3    3    2
 -0.004737923316299252    7    3    3    3
 -0.0001024011641060442    7    3    4    1
 0.000621538811102745    7    3    4    2
 1.592535737607199e-05    7    3    4    3
 -0.00385545513081342    7    3    4    4
 0.0003560561919552506    7    3    5    1
 -1.376734770654483e-05    7    3    5    2
 -0.0001785246423397357    7    3    5    3
 -0.0001899166391761232    7    3    5    4
 -0.004791604903844422    7    3    5    5
 5.149082498089626e-05    7    3    6    1
 -0.0001718654881446511    7    3    6    2
 0.0004391546882292168    7    3    6    3
 5.311366805738328e-05    7    3    6    4
 -0.0004579177813611865    7    3    6    5
 -0.005281105861504033    7    3    6    6
 0.0001905367087072368    7    3    7    1
 -0.0002911411475449795    7    3    7    2
 0.0009119503417756692    7    3    7    3
 0.01348743079726743    7    4    1    1
 0.0008515589751794649    7    4    2    1
 0.01409637783224999    7    4    2    2
 -0.000637114527274657    7    4    3    1
 0.0004973848185115225    7    4    3    2
 0.01210672843000693    7    4    3    3
 0.0002962795667679447    7    4    4    1
 -0.0008253268087779695    7    4    4    2
 0.0008689733044407196    7    4    4    3
 0.0127341938411677    7    4    4    4
 0.0001457579540119438    7    4    5    1
 -0.0004468879221709868    7    4    5    2
 0.0006133279639613668    7    4    5    3
 0.0007133762078714604    7    4    5    4
 0.01334814340431134    7    4    5    5
 0.000197609159807389    7    4    6    1
 -0.0001734969849355919    7    4    6    2
 -3.525813480454037e-05    7    4    6    3
 -0.001029348091960924    7    4    6    4
 0.0009424429821352713    7    4    6    5
 0.01337997139175231    7    4    6    6
 -0.0002813191130442969    7    4    7    1
 0.000602892264768052    7    4    7    2
 -0.0007811697169134024    7    4    7    3
 0.002497775589481597    7    4    7    4
 0.003321131872256737    7    5    1    1
 0.0001637687749748582    7    5    2    1
 0.005156624655150679    7    5    2    2
 0.0002282502657728112    7    5    3    1
 1.577848008391537e-05    7    5    3    2
 0.004718409034707606    7    5    3    3
 9.68739183231525e-05    7    5    4    1
 -0.0004495118055318377    7    5    4    2
 0.0001006049882882866    7    5    4    3
 0.002832074602918447    7    5    4    4
 -7.625206276623389e-05    7    5    5    1
 5.064632364767389e-05    7    5    5    2
 -9.661458861442771e-06    7    5    5    3
 0.0007728135121817856    7    5    5    4
 0.004573556108279551    7    5    5    5
 0.0003014065937760766    7    5    6    1
 -0.0004351423091865259    7    5    6    2
 0.0005434474208387845    7    5    6    3
 -0.0007592594664660794    7    5    6    4
 0.0002579234132767968    7    5    6    5
 0.004269767357080562    7    5    6    6
 2.766375621800616e-05    7    5    7    1
 0.000218347877360255    7    5    7    2
 5.925955199249563e-05    7    5    7    3
 0.001039693842551681    7    5    7    4
 0.00154519642945283    7    5    7    5
 -0.002347549386750485    7    6    1    1
 -1.068473774852968e-05    7    6    2    1
 -0.002671001201662862    7    6    2    2
 -3.486271286128338e-06    7    6    3    1
 3.979121277586382e-05    7    6    3    2
 -0.002437198116263482    7    6    3    3
 3.683105101987908e-07    7    6    4    1
 2.790600022424139e-05    7    6    4    2
 4.538503884768423e-05    7    6    4    3
 -0.002303999486912293    7    6    4    4
 -6.011404594372982e-05    7    6    5    1
 0.0001110085227249096    7    6    5    2
 -0.0001033798059352466    7    6    5    3
 -0.0001164575922916104    7    6    5    4
 -0.002529441565316388    7    6    5    5
 -0.0001227265596109176    7    6    6    1
 -4.546762465730809e-05    7    6    6    2
 -3.743213352265228e-05    7    6    6    3
 0.0007794617920744578    7    6    6    4
 -0.000158477604310097    7    6    6    5
 -0.01357296483938136    7    6    6    6
 0.0001024326956326724    7    6    7    1
 -0.0001615855534941446    7    6    7    2
 -2.378287138421664e-05    7    6    7    3
 -0.0007063898940258636    7    6    7    4
 0.0002546525217901647    7    6    7    5
 0.0199706477998267    7    6    7    6
 0.186490255414173    7    7    1    1
 0.0008800076257378315    7    7    2    1
 0.1855183067096088    7    7    2    2
 0.001364550179852099    7    7    3    1
 -0.001788760514940965    7    7    3    2
 0.178368089847297    7    7    3    3
 -0.001410175268053844    7    7    4    1
 0.002128235723941093    7    7    4    2
 -0.005113999152012294    7    7    4    3
 0.1809503936365352    7    7    4    4
 -0.0004134658759250327    7    7    5    1
 -0.0007013973207983341    7    7    5    2
 0.004187199679001724    7    7    5    3
 0.004164219350851541    7    7    5    4
 0.1912191394721327    7    7    5    5
 -2.450295920517087e-05    7    7    6    1
 0.00147580789186172    7    7    6    2
 -0.005650564785471443    7    7    6    3
 -0.004118506040751902    7    7    6    4
 0.01048990434145017    7    7    6    5
 0.5948933261188755    7    7    6    6
 -0.003686776181782248    7    7    7    1
 0.001960246736056505    7    7    7    2
 -0.005075527861083529    7    7    7    3
 0.01168221315642183    7    7    7    4
 0.003284678128110948    7    7    7    5
 -0.01097384553991572    7    7    7    6
 0.5672446603741327    7    7    7    7
 -0.0008774868507017291    8    1    1    1
 -0.0005294530751211126    8    1    2    1
 -0.001260685132648455    8    1    2    2
 0.0008319658650467137    8    1    3    1
 0.0002140367923835754    8    1    3    2
 -0.001355278118727823    8    1    3    3
 0.0001129367024195918    8    1    4    1
 0.0004326820702807798    8    1    4    2
 0.0002900376628720422    8    1    4    3
 -0.0009966774973446475    8    1    4    4
 0.0003393651187419775    8    1    5    1
 0.0002754325576634377    8    1    5    2
 0.0001563927864933854    8    1    5    3
 7.785878092672808e-06    8    1    5    4
 -0.0009624733897621051    8    1    5    5
 -0.0001292401575296411    8    1    6    1
 9.072015651532828e-05    8    1    6    2
 -0.0001571690200014073    8    1    6    3
 0.0001678758021510393    8    1    6    4
 -1.882343579780289e-05    8    1    6    5
 -0.001512750474767448    8    1    6    6
 -3.26679687972922e-05    8    1    7    1
 3.032035810054671e-05    8    1    7    2
 -0.000126181064363006    8    1    7    3
 -0.000123408230850001    8    1    7    4
 -0.0002175530963353797    8    1    7    5
 4.222292149723189e-05    8    1    7    6
 -0.001366083570878174    8    1    7    7
 0.0001932279127823772    8    1    8    1
 -0.005871804397094797    8    2    1    1
 -0.0004454606298320897    8    2    2    1
 -0.006063962844953214    8    2    2    2
 0.0003940903703708354    8    2    3    1
 0.0002799508705221745    8    2    3    2
 -0.004899595505157474    8    2    3    3
 -6.47380225225738e-05    8    2    4    1
 0.0001999330614580233    8    2    4    2
 -0.000134778631454388    8    2    4    3
 -0.005340040794930495    8    2    4    4
 -0.0001250908428791073    8    2    5    1
 0.0004979822854066707    8    2    5    2
 -0.0001785308035628577    8    2    5    3
 -0.00036989752368337    8    2    5    4
 -0.005780814356084642    8    2    5    5
 2.832725808541294e-05    8    2    6    1
 -0.0001595575789767751    8    2    6    2
 0.0003197491638365848    8    2    6    3
 -2.309455221734714e-06    8    2    6    4
 -0.0003048368160320763    8    2    6    5
 -0.006146398590767627    8    2    6    6
 0.0001161504606973403    8    2    7    1
 -0.0001709908419223608    8    2    7    2
 0.0002682463574996025    8    2    7    3
 -0.0002912176768081307    8    2    7    4
 4.885721254355033e-05    8    2    7    5
 0.0002978104266252151    8    2    7    6
 -0.005246758246404791    8    2    7    7
 -3.460979345995208e-05    8    2    8    1
 0.0004268393445684907    8    2    8    2
 0.01416117156634601    8    3    1    1
 0.000705162306635944    8    3    2    1
 0.01318023139661957    8    3    2    2
 -0.0005579495007932331    8    3    3    1
 0.0004849615637704951    8    3    3    2
 0.01213903461868124    8    3    3    3
 0.0003282857300504781    8    3    4    1
 -0.0005734690363948218    8    3    4    2
 0.001037936726923803    8    3    4    3
 0.01231114362504452    8    3    4    4
 -0.000203353252740426    8    3    5    1
 -6.691451078976e-06    8    3    5    2
 0.0009624600855369012    8    3    5    3
 0.0004545783470551903    8    3    5    4
 0.01312525421115507    8    3    5    5
 -0.0001942940399169752    8    3    6    1
 0.0004104562123387639    8    3    6    2
 -0.0009936890183165487    8    3    6    3
 2.464735581256509e-05    8    3    6    4
 0.0008702023267658565    8    3    6    5
 0.0132414203455941    8    3    6    6
 -0.0003885610338850605    8    3    7    1
 0.0002140219150250312    8    3    7    2
 -0.0009860455410377945    8    3    7    3
 0.0007895409314305669    8    3    7    4
 -0.0003069244736784071    8    3    7    5
 -0.0003390980855626417    8    3    7    6
 0.01149148744840928    8    3    7    7
 0.0001797219898507345    8    3    8    1
 -0.0005678243946321095    8    3    8    2
 0.001932936064307894    8    3    8    3
 0.003766475741210802    8    4    1    1
 3.8021701451957e-06    8    4    2    1
 0.004287113760527423    8    4    2    2
 0.0001429934218446729    8    4    3    1
 0.0001078097979875432    8    4    3    2
 0.004018157071926104    8    4    3    3
 0.0001164617801848494    8    4    4    1
 -0.0003670688285419825    8    4    4    2
 0.0005373492108706605    8    4    4    3
 0.003132673647630448    8    4    4    4
 -7.756736390782475e-06    8    4    5    1
 0.0001680947790206953    8    4    5    2
 8.391062680802997e-05    8    4    5    3
 0.000332493993337823    8    4    5    4
 0.003672663159645261    8    4    5    5
 9.380859229188465e-05    8    4    6    1
 -0.0001143863609745324    8    4    6    2
 9.898261675229532e-05    8    4    6    3
 -0.0002622726344744407    8    4    6    4
 0.0001145760826695124    8    4    6    5
 0.003861139746968943    8    4    6    6
 1.620131100194756e-05    8    4    7    1
 2.501583418489925e-05    8    4    7    2
 0.0001386056504430934    8    4    7    3
 0.0001921712500147099    8    4    7    4
 0.0002904042002173661    8    4    7    5
 -0.0001088564764596326    8    4    7    6
 0.003775668013701343    8    4    7    7
 -0.000131460280376293    8    4    8    1
 -1.026815521230062e-05    8    4    8    2
 -0.0001719375307945087    8    4    8    3
 0.0003622913468916018    8    4    8    4
 0.007152328860713344    8    5    1    1
 0.0002950036089943482    8    5    2    1
 0.006296227099141325    8    5    2    2
 -0.0001526381982031072    8    5    3    1
 0.0001117249723918374    8    5    3    2
 0.005523888398004641    8    5    3    3
 2.898415300489142e-05    8    5    4    1
 3.456829301172659e-05    8    5    4    2
 0.0001760962143241397    8    5    4    3
 0.006426017216574658    8    5    4    4
 -0.0001178859253211281    8    5    5    1
 -0.0002755711667237299    8    5    5    2
 0.0009820531647387681    8    5    5    3
 0.0005148003022770947    8    5    5    4
 0.007232247868966892    8    5    5    5
 -0.0001498050530722351    8    5    6    1
 0.0002336279147556396    8    5    6    2
 -0.0004637706955201825    8    5    6    3
 0.0001257826998840502    8    5    6    4
 0.0004508820739213085    8    5    6    5
 0.007905322332226577    8    5    6    6
 -0.0001956452502818413    8    5    7    1
 7.001428424400927e-05    8    5    7    2
 -0.0004035468769500799    8    5    7    3
 0.0003556714300268063    8    5    7    4
 -0.000370398369688807    8    5    7    5
 -0.000118978131799287    8    5    7    6
 0.007141052374265822    8    5    7    7
 6.876294186985296e-05    8    5    8    1
 -0.0002912726315590296    8    5    8    2
 0.0008744715346553448    8    5    8    3
 -1.332827129514877e-06    8    5    8    4
 0.0008185802107646047    8    5    8    5
 -0.005587858505631997    8    6    1    1
 -3.202278482231875e-05    8    6    2    1
 -0.005517798131649975    8    6    2    2
 -5.68871890267717e-05    8    6    3    1
 8.066131278469886e-05    8    6    3    2
 -0.005230288708462955    8    6    3    3
 8.138518650990539e-05    8    6    4    1
 -2.381692654871933e-05    8    6    4    2
 0.0001266474486473525    8    6    4    3
 -0.005268466606867959    8    6    4    4
 9.027188405367321e-05    8    6    5    1
 1.746482786363674e-05    8    6    5    2
 -0.0002531921183974872    8    6    5    3
 -0.0002492142402996563    8    6    5    4
 -0.005686080220947518    8    6    5    5
 -0.0001651851906577957    8    6    6    1
 -0.0003083810720997747    8    6    6    2
 0.0009624078248499305    8    6    6    3
 0.00054956010924655    8    6    6    4
 -0.0001904941887931454    8    6    6    5
 -0.02461372287037155    8    6    6    6
 0.0004447657297791878    8    6    7    1
 -0.0001634419255078775    8    6    7    2
 0.0003363711289735684    8    6    7    3
 -0.0007261745971831651    8    6    7    4
 -0.0001076488986384693    8    6    7    5
 0.003249921204985266    8    6    7    6
 -0.0234025724475921    8    6    7    7
 7.736184694692302e-05    8    6    8    1
 0.000430625692324322    8    6    8    2
 -0.0009092900418446013    8    6    8    3
 -0.0003189901572762717    8    6    8    4
 0.000266070258389641    8    6    8    5
 0.02613578420625411    8    6    8    6
 -0.003595351190096485    8    7    1    1
 -9.149007565665151e-05    8    7    2    1
 -0.004688096422076766    8    7    2    2
 -0.0004142378229953072    8    7    3    1
 0.0001721268653508951    8    7    3    2
 -0.004804995219460059    8    7    3    3
 0.0001214694643959303    8    7    4    1
 6.422639679118234e-05    8    7    4    2
 0.0004031360056865102    8    7    4    3
 -0.003353862429025925    8    7    4    4
 -5.448120728584014e-05    8    7    5    1
 -2.443699870941661e-05    8    7    5    2
 -1.650172340322487e-05    8    7    5    3
 -0.0001052604908104513    8    7    5    4
 -0.004445628274182549    8    7    5    5
 -0.0002073810282622859    8    7    6    1
 0.0003557553425714385    8    7    6    2
 -0.0005361765855325589    8    7    6    3
 0.000350080818281389    8    7    6    4
 0.0004761109613331054    8    7    6    5
 0.005869785114301029    8    7    6    6
 -1.376403713472672e-05    8    7    7    1
 -6.798791816608594e-05    8    7    7    2
 -0.0002310085900288505    8    7    7    3
 0.0005937531653540765    8    7    7    4
 0.0001462229465017801    8    7    7    5
 0.001505592158509102    8    7    7    6
 0.01200778058799655    8    7    7    7
 -4.726410504871891e-05    8    7    8    1
 -2.927511206765305e-05    8    7    8    2
 0.0006308947003665092    8    7    8    3
 0.0007109323822784488    8    7    8    4
 0.0008892167690877238    8    7    8    5
 0.0008220955827607697    8    7    8    6
 0.02006021680176871    8    7    8    7
 0.1789580694765479    8    8    1    1
 0.0006292674463512195    8    8    2    1
 0.1808667090130165    8    8    2    2
 0.001658614801935938    8    8    3    1
 -0.001660044568073489    8    8    3    2
 0.1746476532555943    8    8    3    3
 -0.001250009078590476    8    8    4    1
 0.0009747287193167162    8    8    4    2
 -0.004666261513407842    8    8    4    3
 0.1730335280579774    8    8    4    4
 -0.0004036206995519915    8    8    5    1
 -0.0006716543974466082    8    8    5    2
 0.003932057666390013    8    8    5    3
 0.004073757517855184    8    8    5    4
 0.1848099328014545    8    8    5    5
 0.0005816990122072701    8    8    6    1
 0.0007186350030530925    8    8    6    2
 -0.004673351001251025    8    8    6    3
 -0.005524730818061627    8    8    6    4
 0.01127531979865918    8    8    6    5
 0.6064045977825895    8    8    6    6
 -0.00341831164475914    8    8    7    1
 0.00193255678887049    8    8    7    2
 -0.004427835518363995    8    8    7    3
 0.01290938849174624    8    8    7    4
 0.004706112837280595    8    8    7    5
 -0.01402966400522836    8    8    7    6
 0.5481962521307241    8    8    7    7
 -0.001632017951533614    8    8    8    1
 -0.005765728961838816    8    8    8    2
 0.01328369697852284    8    8    8    3
 0.00364909953770091    8    8    8    4
 0.007988087384793681    8    8    8    5
 -0.02081084700567665    8    8    8    6
 0.01155088963307883    8    8    8    7
 0.6119528454237996    8    8    8    8
 -0.01149478924216372    9    1    1    1
 -0.0003872877347423407    9    1    2    1
 -0.01092614112923834    9    1    2    2
 2.70582639523511e-05    9    1    3    1
 -0.0005470258147201446    9    1    3    2
 -0.009765092343978266    9    1    3    3
 -0.0001673435271350644    9    1    4    1
 0.000674007572466588    9    1    4    2
 -0.0008932407363550248    9    1    4    3
 -0.009088210274390638    9    1    4    4
 0.00012654300875218    9    1    5    1
 -0.0001752244329549843    9    1    5    2
 -0.0005412741044642501    9    1    5    3
 -0.0002054083629669115    9    1    5    4
 -0.01046341705551413    9    1    5    5
 -0.0001991245584303226    9    1    6    1
 0.0001612553365579981    9    1    6    2
 7.681921867809067e-06    9    1    6    3
 0.0007572434600788471    9    1    6    4
 -0.0007982930713205901    9    1    6    5
 -0.01005824660295409    9    1    6    6
 0.0002458104947434132    9    1    7    1
 -0.0003556068525944827    9    1    7    2
 0.0004726346290586949    9    1    7    3
 -0.001434490180431427    9    1    7    4
 -0.0007513329044544698    9    1    7    5
 0.000179877346920484    9    1    7    6
 -0.008155187090176638    9    1    7    7
 0.0001219819460214861    9    1    8    1
 0.000194501010140779    9    1    8    2
 -0.0005988207939685802    9    1    8    3
 -0.0001777649116633801    9    1    8    4
 -0.0002467438971501949    9    1    8    5
 0.0005581754297506759    9    1    8    6
 -0.0004639026583274115    9    1    8    7
 -0.009882265550571617    9    1    8    8
 0.001414262667757235    9    1    9    1
 0.005970814642568506    9    2    1    1
 -0.0003113687537414433    9    2    2    1
 0.006746975926090263    9    2    2    2
 3.531140700004048e-05    9    2    3    1
 0.0002807337157692911    9    2    3    2
 0.005409573008726764    9    2    3    3
 0.0003307817794256339    9    2    4    1
 0.0002105913083337658    9    2    4    2
 0.000544100199657729    9    2    4    3
 0.005125125789834582    9    2    4    4
 0.0002600559095868243    9    2    5    1
 4.149475509148812e-05    9    2    5    2
 0.0003084780255321723    9    2    5    3
 0.0004086269644656591    9    2    5    4
 0.005926598889699417    9    2    5    5
 4.35734456369341e-05    9    2    6    1
 -1.730771098844135e-06    9    2    6    2
 -0.0001937642494325125    9    2    6    3
 -0.0001844078377570906    9    2    6    4
 0.0002911411506608124    9    2    6    5
 0.005996582043544839    9    2    6    6
 -0.0001183575396725699    9    2    7    1
 0.0002109303917082247    9    2    7    2
 -0.0002403157362001615    9    2    7    3
 0.0004912426701622788    9    2    7    4
 0.0001629207637391569    9    2    7    5
 -0.0001417440286409087    9    2    7    6
 0.005076816115503786    9    2    7    7
 8.996572452846587e-06    9    2    8    1
 -0.0002262922304707642    9    2    8    2
 0.0004326241570849911    9    2    8    3
 9.915400269995897e-05    9    2    8    4
 0.0002177157307244851    9    2    8    5
 -0.0004955508575734033    9    2    8    6
 0.0004923295467642428    9    2    8    7
 0.005545112699015925    9    2    8    8
 -0.0004123390585703297    9    2    9    1
 0.0003451562926757032    9    2    9    2
 7.24609212815136e-05    9    3    1    1
 -7.223824984011106e-05    9    3    2    1
 0.0003648525655385467    9    3    2    2
 -0.0003407718772545407    9    3    3    1
 0.0001376155195658882    9    3    3    2
 4.117174702100508e-05    9    3    3    3
 -1.441927900073945e-05    9    3    4    1
 4.917221583809083e-05    9    3    4    2
 0.0001160764915947127    9    3    4    3
 8.746455058537993e-05    9    3    4    4
 0.000191459087611977    9    3    5    1
 -6.631050101469695e-05    9    3    5    2
 -8.096789456636765e-05    9    3    5    3
 1.882818245855527e-05    9    3    5    4
 -0.0001234290937164471    9    3    5    5
 4.57718828640881e-05    9    3    6    1
 -0.0001019565334648518    9    3    6    2
 0.0001972187267529491    9    3    6    3
 -0.0001130992978142211    9    3    6    4
 -0.0001114036506951022    9    3    6    5
 -0.001076227536370088    9    3    6    6
 9.739728362429549e-05    9    3    7    1
 -6.835918056838754e-05    9    3    7    2
 0.0003292310043098582    9    3    7    3
 -0.0001006707112014849    9    3    7    4
 0.0001239918222499078    9    3    7    5
 -3.42476823233044e-05    9    3    7    6
 -0.0004891664268984239    9    3    7    7
 -0.000114625589257823    9    3    8    1
 0.0001108396813142877    9    3    8    2
 -0.0003893979723460218    9    3    8    3
 0.0001145666383712202    9    3    8    4
 -0.0001621238978718741    9    3    8    5
 0.0002877758220653976    9    3    8    6
 -0.0005045510554259147    9    3    8    7
 -0.0006181649406992888    9    3    8    8
 8.161615780621323e-05    9    3    9    1
 -0.0001179633362101546    9    3    9    2
 0.0003031291172531383    9    3    9    3
 0.006538106032481778    9    4    1    1
 0.0004562878763127123    9    4    2    1
 0.006320787880673047    9    4    2    2
 -0.0002077460069150954    9    4    3    1
 0.0001521487389730023    9    4    3    2
 0.005571800741635939    9    4    3    3
 -0.0001650538535325666    9    4    4    1
 -8.492037410607795e-05    9    4    4    2
 0.0001560604944583146    9    4    4    3
 0.005940377435741474    9    4    4    4
 -6.4250854710172e-05    9    4    5    1
 -0.0001812502608810582    9    4    5    2
 0.0004769110991031573    9    4    5    3
 0.0002962929535162206    9    4    5    4
 0.006464347354401244    9    4    5    5
 0.0001219193742655621    9    4    6    1
 -4.605380028350835e-05    9    4    6    2
 -0.0001164246637458277    9    4    6    3
 -0.0002911652754040951    9    4    6    4
 0.0003546319512262586    9    4    6    5
 0.006692372769490396    9    4    6    6
 -0.0001789162421189237    9    4    7    1
 0.0001794616855022944    9    4    7    2
 -0.0002713708589235997    9    4    7    3
 0.000680975998539839    9    4    7    4
 0.0002941220205265465    9    4    7    5
 -2.143565987594869e-05    9    4    7    6
 0.005495152949860672    9    4    7    7
 -3.578162145942673e-05    9    4    8    1
 -0.0001417816152175527    9    4    8    2
 0.0003999493694819736    9    4    8    3
 9.569531933855595e-05    9    4    8    4
 0.0001627945637062105    9    4    8    5
 -0.0005492048783408143    9    4    8    6
 0.0001344643827098331    9    4    8    7
 0.006095562730841463    9    4    8    8
 -0.000523296237083637    9    4    9    1
 0.0002859837712088564    9    4    9    2
 -0.0001203728474868905    9    4    9    3
 0.0005314071740842102    9    4    9    4
 0.0002891761167879978    9    5    1    1
 -7.192844400548627e-05    9    5    2    1
 0.001052628795984732    9    5    2    2
 0.0002455627907559784    9    5    3    1
 4.12424632536739e-05    9    5    3    2
 0.001296766903450571    9    5    3    3
 -6.045182188716559e-05    9    5    4    1
 -0.0003287780716792914    9    5    4    2
 2.502263386743521e-05    9    5    4    3
 0.0002482074216808913    9    5    4    4
 -0.0004255202932721149    9    5    5    1
 0.0003135233343550665    9    5    5    2
 0.000126235693129397    9    5    5    3
 0.0002514626452603359    9    5    5    4
 0.0008398975410434414    9    5    5    5
 0.0001383990636675978    9    5    6    1
 -0.0001909905625109897    9    5    6    2
 0.0003367196344422033    9    5    6    3
 -0.0003662359519126952    9    5    6    4
 3.200914864867938e-05    9    5    6    5
 0.0008481325048082757    9    5    6    6
 -5.467731616106433e-05    9    5    7    1
 6.991837907671555e-05    9    5    7    2
 6.861442741119353e-05    9    5    7    3
 0.0004027735391594062    9    5    7    4
 0.000638827959174071    9    5    7    5
 -0.0001325513695471024    9    5    7    6
 0.0005423595387501996    9    5    7    7
 -0.0001176237893195478    9    5    8    1
 8.195008572781333e-05    9    5    8    2
 -0.0002174594305193647    9    5    8    3
 0.0001036809119632852    9    5    8    4
 -0.0002353379365294733    9    5    8    5
 4.779045485049222e-05    9    5    8    6
 -0.0002438925687609838    9    5    8    7
 0.001146187323860746    9    5    8    8
 -0.0003501715662125339    9    5    9    1
 1.009181169391619e-05    9    5    9    2
 0.0001330045723832548    9    5    9    3
 0.0001179046682052168    9    5    9    4
 0.0005972445394745363    9    5    9    5
 -0.0008125505419602341    9    6    1    1
 8.069489591388149e-06    9    6    2    1
 -0.000845824708725449    9    6    2    2
 -9.194256359595659e-05    9    6    3    1
 -2.80253768849227e-05    9    6    3    2
 -0.0008102589264231    9    6    3    3
 7.469037515926034e-05    9    6    4    1
 2.651003218400193e-05    9    6    4    2
 1.927601006362887e-06    9    6    4    3
 -0.0007296639476900708    9    6    4    4
 -1.665630129927471e-05    9    6    5    1
 -0.0001031220917530663    9    6    5    2
 -0.0001076266539474032    9    6    5    3
 1.957668687856818e-05    9    6    5    4
 -0.0008719077745728446    9    6    5    5
 -0.0004302208750139427    9    6    6    1
 0.0003232999202348245    9    6    6    2
 1.632507003348054e-05    9    6    6    3
 0.0002920767343951096    9    6    6    4
 3.713272138797024e-05    9    6    6    5
 -0.001972109306650881    9    6    6    6
 0.0001249955057191503    9    6    7    1
 1.301857439749048e-06    9    6    7    2
 8.390486909155911e-05    9    6    7    3
 -4.511968392400208e-05    9    6    7    4
 -1.803509884181942e-05    9    6    7    5
 -0.002600695372103053    9    6    7    6
 -0.0006157928284468594    9    6    7    7
 -6.969764035823204e-05    9    6    8    1
 0.0001735376353815089    9    6    8    2
 -0.0003001626132055446    9    6    8    3
 0.0002889108139450563    9    6    8    4
 0.0001344954489088887    9    6    8    5
 0.003066304098746446    9    6    8    6
 0.005361936075915484    9    6    8    7
 -0.00376855799886741    9    6    8    8
 0.00016205661079796    9    6    9    1
 7.563349985950929e-05    9    6    9    2
 -0.0002838201787937031    9    6    9    3
 -0.0004322574570779621    9    6    9    4
 0.0004508941862750623    9    6    9    5
 0.02308151988491987    9    6    9    6
 0.002106738472336701    9    7    1    1
 5.984484407884067e-05    9    7    2    1
 0.002240684883684837    9    7    2    2
 0.0002718595787650665    9    7    3    1
 -0.0001029750215304043    9    7    3    2
 0.002253759488113747    9    7    3    3
 -0.0002252883776900982    9    7    4    1
 0.0001370980732801661    9    7    4    2
 -0.0002562614504647263    9    7    4    3
 0.001990741516614337    9    7    4    4
 -7.130508313145144e-05    9    7    5    1
 4.291841889020469e-05    9    7    5    2
 5.099681349802549e-05    9    7    5    3
 6.587305323227533e-05    9    7    5    4
 0.002412520858320218    9    7    5    5
 0.0001592732648600108    9    7    6    1
 -0.0001674981722702889    9    7    6    2
 0.0001765843263374904    9    7    6    3
 5.96118345370962e-05    9    7    6    4
 -0.0006888690002838216    9    7    6    5
 -0.0140818707624391    9    7    6    6
 -0.0001256656775334235    9    7    7    1
 4.462121335100235e-05    9    7    7    2
 0.0003796026398710928    9    7    7    3
 -0.0007042219609858147    9    7    7    4
 -0.0001863978771032095    9    7    7    5
 0.0003694310311773467    9    7    7    6
 -0.01653175147802861    9    7    7    7
 6.219434108024747e-05    9    7    8    1
 0.0002149992289541075    9    7    8    2
 -0.0007539148207394717    9    7    8    3
 -0.0002009344532036428    9    7    8    4
 -0.000747912045404422    9    7    8    5
 -0.004682992728817608    9    7    8    6
 -0.004928998898549653    9    7    8    7
 -0.01696986827850811    9    7    8    8
 0.0004713016088631332    9    7    9    1
 -0.0002051744983377955    9    7    9    2
 -0.0001929665460086671    9    7    9    3
 0.0002468486956717088    9    7    9    4
 -6.454703206309818e-05    9    7    9    5
 -0.004809134682702575    9    7    9    6
 0.01893758763390458    9    7    9    7
 -0.0002905694024282318    9    8    1    1
 -1.130086053010352e-05    9    8    2    1
 -0.00112355230689119    9    8    2    2
 -0.0003282026667527135    9    8    3    1
 0.0001289370957835809    9    8    3    2
 -0.00125661677949622    9    8    3    3
 8.214951850441318e-05    9    8    4    1
 6.673353280619e-05    9    8    4    2
 0.0002251712742307447    9    8    4    3
 -0.0002378111415172994    9    8    4    4
 1.948069315375878e-05    9    8    5    1
 -2.172623867596238e-05    9    8    5    2
 6.038583279229067e-05    9    8    5    3
 2.520933504298872e-06    9    8    5    4
 -0.0009011583762298979    9    8    5    5
 -0.0002057162545760886    9    8    6    1
 0.0003059845382730748    9    8    6    2
 -0.0003741708638000015    9    8    6    3
 0.0001825866382261928    9    8    6    4
 0.0003210811799119185    9    8    6    5
 0.003178582254089278    9    8    6    6
 -0.0001456226277532494    9    8    7    1
 0.0001118476506753814    9    8    7    2
 -0.0006576002391980455    9    8    7    3
 0.0005122646292084825    9    8    7    4
 -0.0002264743672791604    9    8    7    5
 -2.779214396740757e-05    9    8    7    6
 0.01488604295159967    9    8    7    7
 -0.0003677348814276986    9    8    8    1
 -1.787447553503325e-05    9    8    8    2
 0.0005877062678310738    9    8    8    3
 0.0002732315592774328    9    8    8    4
 0.0004981917041299641    9    8    8    5
 0.0004358128361518465    9    8    8    6
 0.0005560055843851263    9    8    8    7
 0.007783780838027273    9    8    8    8
 -9.659180041141336e-05    9    8    9    1
 -0.0002815191460918673    9    8    9    2
 0.0007659913520275763    9    8    9    3
 6.614446184855865e-05    9    8    9    4
 0.0003109385154884344    9    8    9    5
 -0.0007807374376221551    9    8    9    6
 -0.003200477115582304    9    8    9    7
 0.02342601815160043    9    8    9    8
 0.1908087536595952    9    9    1    1
 0.00062050122131974    9    9    2    1
 0.1894836078456453    9    9    2    2
 0.001398565214846332    9    9    3    1
 -0.001704766958678149    9    9    3    2
 0.1822710347695102    9    9    3    3
 -0.001526050578088408    9    9    4    1
 0.001920872788947041    9    9    4    2
 -0.005013063197606303    9    9    4    3
 0.1843522856306516    9    9    4    4
 -0.0006053912712564772    9    9    5    1
 -0.0007415862234922475    9    9    5    2
 0.0044772209762833    9    9    5    3
 0.004270143637253344    9    9    5    4
 0.1954587051369767    9    9    5    5
 2.223387416596386e-05    9    9    6    1
 0.001419205361119738    9    9    6    2
 -0.006496887292913171    9    9    6    3
 -0.004754523501263969    9    9    6    4
 0.01290486511844541    9    9    6    5
 0.6754737103615922    9    9    6    6
 -0.004139881959000886    9    9    7    1
 0.001892106649159218    9    9    7    2
 -0.005401402966704232    9    9    7    3
 0.01322687499115435    9    9    7    4
 0.004233360954220513    9    9    7    5
 -0.003271855731072547    9    9    7    6
 0.606570596311142    9    9    7    7
 -0.001671987516907802    9    9    8    1
 -0.006149838679643128    9    9    8    2
 0.01412526781509356    9    9    8    3
 0.004142937608178546    9    9    8    4
 0.008897163108632205    9    9    8    5
 -0.02226377294622461    9    9    8    6
 0.01789741975301809    9    9    8    7
 0.6195402346966277    9    9    8    8
 -0.01103686179989781    9    9    9    1
 0.006797553236383339    9    9    9    2
 -0.0013902854673213    9    9    9    3
 0.007140377207498069    9    9    9    4
 0.0005025468035278518    9    9    9    5
 -0.002307204682204564    9    9    9    6
 -0.02001694298276971    9    9    9    7
 0.00945637975202451    9    9    9    8
 0.7320195551208686    9    9    9    9
 0.006073772581206507   10    1    1    1
 -0.0002964209351933157   10    1    2    1
 0.005314533992238197   10    1    2    2
 0.0001866092042674183   10    1    3    1
 0.0003263839441639626   10    1    3    2
 0.004679555332972827   10    1    3    3
 0.0002003277773353677   10    1    4    1
 -5.175222497782733e-05   10    1    4    2
 0.0004756988415053117   10    1    4    3
 0.004882230816331554   10    1    4    4
 4.398818813537409e-05   10    1    5    1
 0.0001488869536367223   10    1    5    2
 0.0004109026563698418   10    1    5    3
 0.000206788553416327   10    1    5    4
 0.005283439697489591   10    1    5    5
 -7.267935728850948e-06   10    1    6    1
 5.712983975390991e-05   10    1    6    2
 -0.0001509185910267486   10    1    6    3
 -0.0001917600302673705   10    1    6    4
 0.0002665077137492624   10    1    6    5
 0.00537610132488685   10    1    6    6
 -0.0001819388710417915   10    1    7    1
 0.0001121713307445285   10    1    7    2
 -0.0001742657373122223   10    1    7    3
 0.0004410789126051921   10    1    7    4
 0.0001226897879138637   10    1    7    5
 -0.0003081193029754307   10    1    7    6
 0.004434758057733606   10    1    7    7
 2.549743993609135e-06   10    1    8    1
 -0.0001376470100016782   10    1    8    2
 0.0003880420164952078   10    1    8    3
 6.705068172875714e-05   10    1    8    4
 0.0002065783058652643   10    1    8    5
 -0.0003357844340732536   10    1    8    6
 0.0003015261901013451   10    1    8    7
 0.005228320722966388   10    1    8    8
 -0.000373608924324316   10    1    9    1
 0.0001952183968320906   10    1    9    2
 -5.119025659334884e-05   10    1    9    3
 0.0001705760815552696   10    1    9    4
 6.42356682297968e-05   10    1    9    5
 0.0001735567756851671   10    1    9    6
 -0.0003315507051379915   10    1    9    7
 -6.726309081074249e-05   10    1    9    8
 0.005359975981801242   10    1    9    9
 0.0002572771878427256   10    1   10    1
 -0.0107930633700699   10    2    1    1
 -0.0004131041477357638   10    2    2    1
 -0.01118406214047972   10    2    2    2
 0.0004533493374720402   10    2    3    1
 -0.0004152958613766723   10    2    3    2
 -0.00878550038750537   10    2    3    3
 -0.000405762597683728   10    2    4    1
 0.0002287453664737886   10    2    4    2
 -0.0009115147465455674   10    2    4    3
 -0.009517636075059028   10    2    4    4
 -0.0002481493020086508   10    2    5    1
 0.0001956006020288714   10    2    5    2
 -0.0003921109560299055   10    2    5    3
 -0.0004459356102599523   10    2    5    4
 -0.01017143605310254   10    2    5    5
 0.0001420308516552065   10    2    6    1
 -0.0003555008171419753   10    2    6    2
 0.0007358372495229712   10    2    6    3
 2.7809942804615e-05   10    2    6    4
 -0.0008104338704941896   10    2    6    5
 -0.01022408329248421   10    2    6    6
 0.0002600492207983519   10    2    7    1
 -0.0002623282352882594   10    2    7    2
 0.0007124642641050134   10    2    7    3
 -0.0007749678648201855   10    2    7    4
 0.0001907955809379042   10    2    7    5
 0.0004034405051252846   10    2    7    6
 -0.008882091951853984   10    2    7    7
 -0.0001366241344610382   10    2    8    1
 0.0004598947125539472   10    2    8    2
 -0.001252293628901486   10    2    8    3
 5.746005643336943e-05   10    2    8    4
 -0.000671836289345766   10    2    8    5
 0.0003897363081086914   10    2    8    6
 -0.0008836160442953043   10    2    8    7
 -0.009458362349329881   10    2    8    8
 0.0005058932360523152   10    2    9    1
 -0.0003934951470217808   10    2    9    2
 0.0002749896666101211   10    2    9    3
 -0.0003076888238741431   10    2    9    4
 0.0001708270335955325   10    2    9    5
 -0.0002072863711523443   10    2    9    6
 0.0007476214207160392   10    2    9    7
 -0.0004751293663676404   10    2    9    8
 -0.01062473888853621   10    2    9    9
 -0.0003539458545117123   10    2   10    1
 0.001376191286269559   10    2   10    2
 0.003846727842947164   10    3    1    1
 0.0002890383456942298   10    3    2    1
 0.004150653143790268   10    3    2    2
 0.0001152913542653711   10    3    3    1
 -0.0002024806622566815   10    3    3    2
 0.003648807819083126   10    3    3    3
 1.966139987016208e-05   10    3    4    1
 -0.0001672148315262936   10    3    4    2
 -4.207221213314545e-05   10    3    4    3
 0.003487881461150304   10    3    4    4
 -4.944517231403309e-05   10    3    5    1
 -0.000113517202596162   10    3    5    2
 0.0002486026510619661   10    3    5    3
 0.0003679525345812118   10    3    5    4
 0.004175105362202005   10    3    5    5
 -1.923262784871274e-05   10    3    6    1
 8.553551023736133e-05   10    3    6    2
 -7.251762660006476e-05   10    3    6    3
 -0.0001421518257997852   10    3    6    4
 0.0001832626213564961   10    3    6    5
 0.004419864315250766   10    3    6    6
 -9.378849939963511e-05   10    3    7    1
 0.0001056047367591757   10    3    7    2
 -0.0001093696114978809   10    3    7    3
 0.0003079038897329101   10    3    7    4
 5.339079858111476e-05   10    3    7    5
 -0.0003621494338714635   10    3    7    6
 0.003694252209482052   10    3    7    7
 7.402331188441083e-06   10    3    8    1
 -0.000143691809030038   10    3    8    2
 0.0002426497217181844   10    3    8    3
 3.899905656161401e-05   10    3    8    4
 0.0001286911273582347   10    3    8    5
 -0.0001570905613788857   10    3    8    6
 6.018388142123711e-05   10    3    8    7
 0.003859303877177345   10    3    8    8
 -0.0001795526821354147   10    3    9    1
 9.910796713797337e-05   10    3    9    2
 -1.220531564452812e-05   10    3    9    3
 0.0001019628591097879   10    3    9    4
 4.964632015004595e-05   10    3    9    5
 0.0002011713993093682   10    3    9    6
 -0.0001997498591490842   10    3    9    7
 0.0001798876918413919   10    3    9    8
 0.004098867766775248   10    3    9    9
 0.0001630410294502224   10    3   10    1
 -0.0002437516381003924   10    3   10    2
 0.0003778388313623643   10    3   10    3
 0.0005136321937540596   10    4    1    1
 -1.914306958103705e-05   10    4    2    1
 0.0002914359778701624   10    4    2    2
 -6.9480062999413e-05   10    4    3    1
 3.768844329474318e-06   10    4    3    2
 0.0002110464138059747   10    4    3    3
 0.0001562459499404029   10    4    4    1
 -0.0003397156591808456   10    4    4    2
 0.0001329688416852178   10    4    4    3
 0.0004178457546742707   10    4    4    4
 -6.424031481751027e-05   10    4    5    1
 0.0001045407033804944   10    4    5    2
 -1.074196764415047e-05   10    4    5    3
 -6.024788480613574e-05   10    4    5    4
 0.0001119472029297371   10    4    5    5
 -6.734995083794884e-05   10    4    6    1
 8.900046635109429e-05   10    4    6    2
 -0.0001533735264237626   10    4    6    3
 0.0001901415872518334   10    4    6    4
 -3.730116723540906e-05   10    4    6    5
 -0.0006098353518765508   10    4    6    6
 2.948555212112541e-05   10    4    7    1
 -0.0001272092559323586   10    4    7    2
 3.503514609860192e-05   10    4    7    3
 -0.0003267819110070455   10    4    7    4
 -0.0002202285412593287   10    4    7    5
 0.0002601148530689726   10    4    7    6
 0.0001949894929164826   10    4    7    7
 3.50337978775393e-05   10    4    8    1
 -2.119145426473102e-05   10    4    8    2
 8.579188619630287e-05   10    4    8    3
 -5.696038693056004e-06   10    4    8    4
 5.66402618595534e-05   10    4    8    5
 0.000125671055273574   10    4    8    6
 -0.0001577774379551876   10    4    8    7
 -0.0004861667050189042   10    4    8    8
 0.0002019257879846554   10    4    9    1
 -5.183875144183441e-05   10    4    9    2
 2.222276287478965e-05   10    4    9    3
 -7.727358085641047e-05   10    4    9    4
 -0.0001052172150357672   10    4    9    5
 -0.0003621816299090801   10    4    9    6
 0.0001228317847518175   10    4    9    7
 0.0004548939815128491   10    4    9    8
 -0.0001922769290587284   10    4    9    9
 -6.892369277317902e-05   10    4   10    1
 -3.060247149753854e-05   10    4   10    2
 -9.819757010271725e-05   10    4   10    3
 0.0002269272321502826   10    4   10    4
 0.000605239857125003   10    5    1    1
 -2.562804216196305e-05   10    5    2    1
 0.0001249649377102226   10    5    2    2
 -0.000216433452477071   10    5    3    1
 -7.89251107722401e-05   10    5    3    2
 8.519073681310947e-06   10    5    3    3
 6.591123785444743e-05   10    5    4    1
 0.000231735173239066   10    5    4    2
 3.654509715373378e-05   10    5    4    3
 0.0007231300823346147   10    5    4    4
 0.000273834737572566   10    5    5    1
 -0.0004312086877940492   10    5    5    2
 0.0001704574304439741   10    5    5    3
 0.0001247470106846748   10    5    5    4
 0.0003769549312785513   10    5    5    5
 -6.189052085708629e-05   10    5    6    1
 0.0001307351316923347   10    5    6    2
 -0.0002308466452096283   10    5    6    3
 0.0002336691839075869   10    5    6    4
 3.653499268986882e-05   10    5    6    5
 0.0003288216702045323   10    5    6    6
 -9.196508581724866e-07   10    5    7    1
 6.326550329206529e-06   10    5    7    2
 -0.0001066211749308316   10    5    7    3
 -0.0001649316642269067   10    5    7    4
 -0.0003962705546013661   10    5    7    5
 0.0001806844673749397   10    5    7    6
 0.0006591317222990325   10    5    7    7
 7.045393830816245e-05   10    5    8    1
 -0.0001319819463158522   10    5    8    2
 0.000211280281932575   10    5    8    3
 -4.441222174889766e-05   10    5    8    4
 0.0002101168187691159   10    5    8    5
 -1.682339801768288e-05   10    5    8    6
 8.76159012813558e-05   10    5    8    7
 0.0001716921676966845   10    5    8    8
 0.0001282699258452984   10    5    9    1
 4.25722375242554e-05   10    5    9    2
 -6.01587081674767e-05   10    5    9    3
 1.159338217743532e-06   10    5    9    4
 -0.0001921254468763197   10    5    9    5
 -0.0002839014853860933   10    5    9    6
 6.415111872961945e-05   10    5    9    7
 0.0001909121774683142   10    5    9    8
 0.0008247871319831554   10    5    9    9
 -1.826772231225884e-05   10    5   10    1
 -0.0002002769416580916   10    5   10    2
 -6.960991077500112e-07   10    5   10    3
 0.0001273873312072185   10    5   10    4
 0.0004175008880722524   10    5   10    5
 -0.0002745831687677348   10    6    1    1
 2.507577938631009e-05   10    6    2    1
 -0.0004728959405103437   10    6    2    2
 1.755029219408599e-05   10    6    3    1
 5.362993092492066e-05   10    6    3    2
 -0.0003259882241007618   10    6    3    3
 -6.284449000420928e-05   10    6    4    1
 -2.237074917129145e-05   10    6    4    2
 -5.48757280873178e-05   10    6    4    3
 -0.0002118012190075101   10    6    4    4
 -0.0001267741225383015   10    6    5    1
 -1.102773941488944e-05   10    6    5    2
 3.519715468338824e-05   10    6    5    3
 -0.0001029880231968232   10    6    5    4
 -0.0002895719026617741   10    6    5    5
 0.000265432535840692   10    6    6    1
 -0.0004022095562420496   10    6    6    2
 7.486425592243084e-05   10    6    6    3
 0.0001117710079055668   10    6    6    4
 7.366128989075877e-06   10    6    6    5
 0.0003039597460037071   10    6    6    6
 2.862287043400815e-05   10    6    7    1
 -0.0002004086958878399   10    6    7    2
 0.0002243684520249964   10    6    7    3
 -0.0003075686809090041   10    6    7    4
 5.507390806166491e-05   10    6    7    5
 0.004646573803852225   10    6    7    6
 -0.005736416066533422   10    6    7    7
 7.955905730630174e-05   10    6    8    1
 1.108110153962188e-05   10    6    8    2
 0.0001824402957802583   10    6    8    3
 -0.0001573714175407647   10    6    8    4
 4.465241849453188e-05   10    6    8    5
 -0.0008061920619712715   10    6    8    6
 0.00106436177061153   10    6    8    7
 0.001772468665484942   10    6    8    8
 -0.000233817944210014   10    6    9    1
 0.0002535073396432476   10    6    9    2
 -0.0003729574007797034   10    6    9    3
 0.0002590050215185938   10    6    9    4
 -0.0002762633497746452   10    6    9    5
 -0.002908513096082241   10    6    9    6
 0.002634653993587872   10    6    9    7
 -0.006946705384435231   10    6    9    8
 0.006397915454708685   10    6    9    9
 2.787619606670669e-05   10    6   10    1
 0.0001524775493422328   10    6   10    2
 -0.0004077776255840777   10    6   10    3
 -0.000236009961704985   10    6   10    4
 0.0005351710578956962   10    6   10    5
 0.02384191753451412   10    6   10    6
 -0.002271194070185046   10    7    1    1
 -4.313179734706283e-05   10    7    2    1
 -0.001975592334753883   10    7    2    2
 -8.644586816880322e-05   10    7    3    1
 0.0002041585192651283   10    7    3    2
 -0.001673306727897567   10    7    3    3
 0.0001190158795898032   10    7    4    1
 -0.000405749698106937   10    7    4    2
 0.0002654318591410722   10    7    4    3
 -0.002311299428997504   10    7    4    4
 -2.995639801427006e-05   10    7    5    1
 9.78120025485375e-05   10    7    5    2
 -4.361806928613259e-05   10    7    5    3
 -8.39977773445784e-05   10    7    5    4
 -0.00237370685949962   10    7    5    5
 0.000211635477364698   10    7    6    1
 -0.000237390559679243   10    7    6    2
 0.0001362254112056578   10    7    6    3
 -0.0001893361961855499   10    7    6    4
 0.0002151801310490053   10    7    6    5
 -0.003995913194429839   10    7    6    6
 0.0001386524308140477   10    7    7    1
 -0.0002643971438350142   10    7    7    2
 -0.0001509504853191073   10    7    7    3
 0.0006197443919536118   10    7    7    4
 0.0004628383376509286   10    7    7    5
 0.003083841034827018   10    7    7    6
 0.003243708482064399   10    7    7    7
 -6.905129469496186e-05   10    7    8    1
 -0.000202209973467413   10    7    8    2
 0.0005593705384993568   10    7    8    3
 -8.555413421407876e-05   10    7    8    4
 0.0002019511622942739   10    7    8    5
 0.0002632886424167257   10    7    8    6
 -0.001101150125972062   10    7    8    7
 0.01183024153887506   10    7    8    8
 -0.0005174983613175151   10    7    9    1
 6.356090733506877e-05   10    7    9    2
 0.0001937776121104623   10    7    9    3
 0.0003371936353938077   10    7    9    4
 0.0001101894930281179   10    7    9    5
 -0.007016070796114655   10    7    9    6
 0.0007949170371143267   10    7    9    7
 0.004680478795690112   10    7    9    8
 0.005889329397461584   10    7    9    9
 -0.0001530133505902078   10    7   10    1
 -2.5457007938075e-05   10    7   10    2
 -0.000348532060595265   10    7   10    3
 0.0009193409949966862   10    7   10    4
 0.0004249051087834301   10    7   10    5
 0.00176596977772819   10    7   10    6
 0.02438328297678469   10    7   10    7
 0.0006429509016755534   10    8    1    1
 1.509155954198923e-05   10    8    2    1
 0.0009710827728366638   10    8    2    2
 9.147844043341136e-05   10    8    3    1
 -0.000130217219356582   10    8    3    2
 0.0008547999566834365   10    8    3    3
 -2.704516912207795e-06   10    8    4    1
 1.992525340774493e-05   10    8    4    2
 -6.094834012874164e-05   10    8    4    3
 0.0006405414271639415   10    8    4    4
 4.793008339771948e-05   10    8    5    1
 -3.810188088596179e-05   10    8    5    2
 1.379880800794913e-05   10    8    5    3
 5.198601173701523e-05   10    8    5    4
 0.0008710325853883825   10    8    5    5
 1.186505830432126e-05   10    8    6    1
 -3.334407772985145e-05   10    8    6    2
 0.0001451189486259068   10    8    6    3
 -7.857314114087837e-05   10    8    6    4
 -0.0001761082252356945   10    8    6    5
 -0.004074318087064961   10    8    6    6
 1.733447145708879e-05   10    8    7    1
 -4.13316944177136e-05   10    8    7    2
 3.169078714086988e-05   10    8    7    3
 -7.141273442539111e-05   10    8    7    4
 -9.263119276030826e-05   10    8    7    5
 -0.001860839606485761   10    8    7    6
 -0.0009117280123422929   10    8    7    7
 0.0001389191069489796   10    8    8    1
 -0.0002489048096169875   10    8    8    2
 -0.0001105472389201234   10    8    8    3
 -0.0001416379042594204   10    8    8    4
 -0.0002151172082154426   10    8    8    5
 -0.000212351777503752   10    8    8    6
 -0.00348214378054395   10    8    8    7
 -0.00485053585745183   10    8    8    8
 0.0002153048973635216   10    8    9    1
 -0.0003127247316062022   10    8    9    2
 0.0003569399735810779   10    8    9    3
 -4.788731073061379e-05   10    8    9    4
 0.0001443071494499894   10    8    9    5
 -0.001786625554772177   10    8    9    6
 0.0006612646669873247   10    8    9    7
 0.004200701691187486   10    8    9    8
 -0.008870413381318136   10    8    9    9
 -0.0002445078054788138   10    8   10    1
 0.00011899740942972   10    8   10    2
 0.0003521094358048577   10    8   10    3
 0.0002879883814722846   10    8   10    4
 0.0001836340604346912   10    8   10    5
 -0.004480832772886015   10    8   10    6
 0.001191269289010467   10    8   10    7
 0.01655249960771688   10    8   10    8
 0.0005729897636970781   10    9    1    1
 -3.852341448496415e-06   10    9    2    1
 0.0006686963317076458   10    9    2    2
 5.109197797312761e-05   10    9    3    1
 -5.449878289195077e-05   10    9    3    2
 0.000847497022485462   10    9    3    3
 -3.35145904364109e-05   10    9    4    1
 2.063891323181933e-05   10    9    4    2
 -0.0001540459748666603   10    9    4    3
 0.0007142321123557336   10    9    4    4
 1.940227492547374e-05   10    9    5    1
 1.639278504071721e-05   10    9    5    2
 1.26625600142658e-05   10    9    5    3
 3.112809661387317e-05   10    9    5    4
 0.0009347575263331473   10    9    5    5
 -1.645264754711835e-05   10    9    6    1
 -6.542627277058743e-05   10    9    6    2
 -0.0001939724309611435   10    9    6    3
 -0.0002788494762025026   10    9    6    4
 0.000931185530892673   10    9    6    5
 0.03798280712726181   10    9    6    6
 -0.000287672603980337   10    9    7    1
 0.0002283659388522689   10    9    7    2
 -0.0005304448549407062   10    9    7    3
 0.0008574355677143707   10    9    7    4
 0.0003383092575374003   10    9    7    5
 0.00313745476106232   10    9    7    6
 0.0257455687528531   10    9    7    7
 -7.887786419497572e-05   10    9    8    1
 -0.0004031119793743574   10    9    8    2
 0.000671235954223129   10    9    8    3
 2.015598507369993e-05   10    9    8    4
 0.0005694880964690817   10    9    8    5
 0.00619458033533996   10    9    8    6
 -0.003891831241430689   10    9    8    7
 0.02144525390166873   10    9    8    8
 -0.0003968214083411817   10    9    9    1
 -0.000294341469296093   10    9    9    2
 0.0003281725476621928   10    9    9    3
 0.0003633333479083216   10    9    9    4
 0.0002170978206824584   10    9    9    5
 -0.002736119197245244   10    9    9    6
 -0.001160425248205753   10    9    9    7
 0.001879967172694224   10    9    9    8
 0.03540355839038078   10    9    9    9
 -0.000292521902898023   10    9   10    1
 -0.0003464103739335062   10    9   10    2
 0.0001756442758363491   10    9   10    3
 0.0004980205031599442   10    9   10    4
 0.0002337302497262313   10    9   10    5
 -0.0009246910336782997   10    9   10    6
 0.0001005045880429164   10    9   10    7
 0.00213652907291548   10    9   10    8
 0.02959673832512488   10    9   10    9
 0.188039656520044   10   10    1    1
 0.000568853987667396   10   10    2    1
 0.1905673422575472   10   10    2    2
 0.001819812838247049   10   10    3    1
 -0.001852586523290577   10   10    3    2
 0.1833253347167066   10   10    3    3
 -0.001329741249816932   10   10    4    1
 0.001130912858244062   10   10    4    2
 -0.005017452379836849   10   10    4    3
 0.1818487763085912   10   10    4    4
 -0.0004469602154314959   10   10    5    1
 -0.0007375950243473059   10   10    5    2
 0.004135920284491396   10   10    5    3
 0.004419280490640901   10   10    5    4
 0.1945839493341882   10   10    5    5
 0.0005246201644967286   10   10    6    1
 0.0006697066235535616   10   10    6    2
 -0.005076861411805009   10   10    6    3
 -0.00617825968956951   10   10    6    4
 0.01298174528099513   10   10    6    5
 0.6759732472112246   10   10    6    6
 -0.003784402935546193   10   10    7    1
 0.00219713001342812   10   10    7    2
 -0.004934421179486572   10   10    7    3
 0.01423760817378756   10   10    7    4
 0.005266980066251833   10   10    7    5
 -0.01672500567956356   10   10    7    6
 0.5944810888350945   10   10    7    7
 -0.001786891938680578   10   10    8    1
 -0.006274003059189509   10   10    8    2
 0.01355821801909896   10   10    8    3
 0.004215310499702883   10   10    8    4
 0.008599579998738798   10   10    8    5
 -0.0148723356702669   10   10    8    6
 0.009382479388901835   10   10    8    7
 0.6356772648343579   10   10    8    8
 -0.01070150961695644   10   10    9    1
 0.006077287026166571   10   10    9    2
 -0.0008339786839029967   10   10    9    3
 0.006722541654918724   10   10    9    4
 0.001281143307088923   10   10    9    5
 -0.0003992567299491875   10   10    9    6
 -0.02110804520796344   10   10    9    7
 0.004032530146439196   10   10    9    8
 0.6764012637969171   10   10    9    9
 0.006191364256639424   10   10   10    1
 -0.0112212913086749   10   10   10    2
 0.00462477255132827   10   10   10    3
 -0.000753317859520458   10   10   10    4
 0.0001181344038711297   10   10   10    5
 0.0004801271852533058   10   10   10    6
 0.005656956228118947   10   10   10    7
 -0.005194559260981466   10   10   10    8
 0.03548270803135926   10   10   10    9
 0.7358474587124271   10   10   10   10
 -3.8918573862455    1    1  0  0
 -0.1408715445604819    2    1  0  0
 -3.889361278152753    2    2  0  0
 0.008988398950567635    3    1  0  0
 -0.04845827300214285    3    2  0  0
 -3.568819877884208    3    3  0  0
 -0.02377281218843704    4    1  0  0
 0.04027547363187631    4    2  0  0
 -0.05627003383938709    4    3  0  0
 -3.578833088941041    4    4  0  0
 -0.000766422570081067    5    1  0  0
 0.01698359028010062    5    2  0  0
 -0.1045841138488699    5    3  0  0
 -0.08828785345762336    5    4  0  0
 -3.868502122680169    5    5  0  0
 -0.001127440994653509    6    1  0  0
 -0.006338563578878425    6    2  0  0
 0.05068530291907566    6    3  0  0
 0.05129030338581574    6    4  0  0
 -0.1698095610193114    6    5  0  0
 -3.874299997214557    6    6  0  0
 0.04746323319706048    7    1  0  0
 -0.04081044572740562    7    2  0  0
 0.06705363124541788    7    3  0  0
 -0.1495810819748649    7    4  0  0
 -0.03845144428500531    7    5  0  0
 0.06340907089607191    7    6  0  0
 -3.534840325547699    7    7  0  0
 0.005419977892464374    8    1  0  0
 0.05955869733916335    8    2  0  0
 -0.1371805731262701    8    3  0  0
 -0.02634141089140663    8    4  0  0
 -0.06079191808443275    8    5  0  0
 0.1201328679301945    8    6  0  0
 -0.03754759606142424    8    7  0  0
 -3.613148093421384    8    8  0  0
 0.1139287377077409    9    1  0  0
 -0.05518951387484004    9    2  0  0
 0.01815542997449103    9    3  0  0
 -0.06983050756803398    9    4  0  0
 -0.004268611287526194    9    5  0  0
 0.0132972682816671    9    6  0  0
 0.06424592331030053    9    7  0  0
 -0.02857477874518414    9    8  0  0
 -3.891822763179715    9    9  0  0
 -0.04638936345138372   10    1  0  0
 0.1123438661747482   10    2  0  0
 -0.04361233465308641   10    3  0  0
 0.0098259820195281   10    4  0  0
 -0.00333642802769225   10    5  0  0
 -0.000507300262581748   10    6  0  0
 -0.00705184804803542   10    7  0  0
 0.01586994540977281   10    8  0  0
 -0.1394243773778381   10    9  0  0
 -3.894517460083272   10   10  0  0
 -95.54974224310712  0  0  0  0
