 &FCI NORB=  10,NELEC=10,MS2=0,
  ORBSYM=1,1,1,1,1,1,1,1,1,1,
  ISYM=1,
 &END
 0.7347072130082634    1    1    1    1
 0.03589287349659875    2    1    1    1
 0.0297283582724183    2    1    2    1
 0.6755063846607897    2    2    1    1
 0.03588308431987732    2    2    2    1
 0.7318184270985055    2    2    2    2
 -0.005417959273525013    3    1    1    1
 -0.0009874731210759811    3    1    2    1
 -0.00381657088148154    3    1    2    2
 0.02432263820558219    3    1    3    1
 0.01792084525595487    3    2    1    1
 0.0001512468146697368    3    2    2    1
 0.01506664272937057    3    2    2    2
 0.002763023105250403    3    2    3    1
 0.0174173903709492    3    2    3    2
 0.6052425213116281    3    3    1    1
 0.02334648589558043    3    3    2    1
 0.6199001042886016    3    3    2    2
 -0.003620798235969527    3    3    3    1
 0.01319705657762526    3    3    3    2
 0.5882507981465499    3    3    3    3
 0.008405884496271153    4    1    1    1
 -0.001540319790341815    4    1    2    1
 0.01171870040129065    4    1    2    2
 -0.001240028188903213    4    1    3    1
 0.00130784311878983    4    1    3    2
 0.00545604017698454    4    1    3    3
 0.01664774977737735    4    1    4    1
 -0.009476597466881663    4    2    1    1
 -0.001924502313457123    4    2    2    1
 -0.01364499005585846    4    2    2    2
 0.005163011061929281    4    2    3    1
 -0.001219972199049546    4    2    3    2
 -0.01870813685308231    4    2    3    3
 0.002245732796299618    4    2    4    1
 0.02479381663153901    4    2    4    2
 0.02001862111995094    4    3    1    1
 -0.004399285540435622    4    3    2    1
 0.01894748963975475    4    3    2    2
 -0.0002165310672574286    4    3    3    1
 0.004415530599284543    4    3    3    2
 0.01646191814817125    4    3    3    3
 0.004363737579719038    4    3    4    1
 0.0002397038713891973    4    3    4    2
 0.02004709851741159    4    3    4    3
 0.6247304689239426    4    4    1    1
 0.02447838715062605    4    4    2    1
 0.6067009063320957    4    4    2    2
 -0.0117890914467251    4    4    3    1
 0.0100591625081291    4    4    3    2
 0.5487734667964692    4    4    3    3
 0.007354610739002559    4    4    4    1
 -0.01072464428763862    4    4    4    2
 0.01683205075771618    4    4    4    3
 0.5920574693241821    4    4    4    4
 0.0007551279080567375    5    1    1    1
 -0.001144965715618924    5    1    2    1
 0.00607498693261495    5    1    2    2
 -0.0002892041396315028    5    1    3    1
 -0.0002235968387322895    5    1    3    2
 -0.004275029701709153    5    1    3    3
 0.004840095849693057    5    1    4    1
 0.007358329009579926    5    1    4    2
 0.003458472418277684    5    1    4    3
 0.001227883376705114    5    1    4    4
 0.02367817390955501    5    1    5    1
 -0.0009497516966718835    5    2    1    1
 -0.002572372680025274    5    2    2    1
 -0.003399213969406236    5    2    2    2
 0.007287971839622192    5    2    3    1
 0.004824767621736958    5    2    3    2
 0.001019800870076886    5    2    3    3
 -0.0005837420665883648    5    2    4    1
 -0.000835160581685007    5    2    4    2
 0.003057630644108383    5    2    4    3
 -0.007503029539593478    5    2    4    4
 -0.002953882975581221    5    2    5    1
 0.02297237750738919    5    2    5    2
 0.02212420119708243    5    3    1    1
 -0.004889365677998065    5    3    2    1
 0.01148619554654604    5    3    2    2
 0.002223664373430171    5    3    3    1
 -0.0008707496953274855    5    3    3    2
 0.01832473760357831    5    3    3    3
 -0.002837118121790566    5    3    4    1
 0.0005559048382801912    5    3    4    2
 -0.0008222123803176131    5    3    4    3
 0.02168784416593894    5    3    4    4
 -0.004056414082924072    5    3    5    1
 0.001547074503956313    5    3    5    2
 0.022913877296068    5    3    5    3
 0.007372158541295818    5    4    1    1
 -0.004864908924603894    5    4    2    1
 0.01887997019360938    5    4    2    2
 -0.0006528019531334911    5    4    3    1
 -0.004128924681500484    5    4    3    2
 0.01731969964470896    5    4    3    3
 0.0003343428237689466    5    4    4    1
 0.001931176625380415    5    4    4    2
 -0.001093687853095258    5    4    4    3
 0.01463205093114681    5    4    4    4
 0.002113739159131852    5    4    5    1
 -0.00392765032867276    5    4    5    2
 0.004388924581645145    5    4    5    3
 0.02335489116795976    5    4    5    4
 0.6746267841174363    5    5    1    1
 0.03838751396889727    5    5    2    1
 0.6746256159023407    5    5    2    2
 0.003211377896450483    5    5    3    1
 0.01129377866642346    5    5    3    2
 0.5995059810521722    5    5    3    3
 0.004441711199609549    5    5    4    1
 -0.00546791356697035    5    5    4    2
 0.008798060416555545    5    5    4    3
 0.600354343569787    5    5    4    4
 0.0006305856171753923    5    5    5    1
 -0.003106741997430185    5    5    5    2
 0.02203798492006247    5    5    5    3
 0.01774668276699133    5    5    5    4
 0.7069727008468104    5    5    5    5
 -0.0002086052129574865    6    1    1    1
 0.0002170948398688532    6    1    2    1
 0.0005372559662819899    6    1    2    2
 -0.0004162074577206328    6    1    3    1
 -0.0001401788427369282    6    1    3    2
 0.0004231140190538541    6    1    3    3
 -6.520211399119001e-05    6    1    4    1
 -0.0001405021265475301    6    1    4    2
 -9.724664848656151e-05    6    1    4    3
 -7.945486849311862e-05    6    1    4    4
 0.000523968409706885    6    1    5    1
 -0.0002748157622979517    6    1    5    2
 -0.0001795298199481046    6    1    5    3
 6.850845000315876e-05    6    1    5    4
 7.98338132455022e-05    6    1    5    5
 0.0004274658726329614    6    1    6    1
 0.001325522142423118    6    2    1    1
 0.0002065671088962788    6    2    2    1
 0.0005220876092871004    6    2    2    2
 -0.0001726456390315465    6    2    3    1
 -1.591072474130511e-05    6    2    3    2
 0.0004875864151363693    6    2    3    3
 -9.666048418676203e-05    6    2    4    1
 -0.0003628956731083439    6    2    4    2
 -6.131884128382915e-08    6    2    4    3
 0.00125835412340239    6    2    4    4
 -0.0002840972611527459    6    2    5    1
 0.0004661636182798851    6    2    5    2
 0.0001310201926888734    6    2    5    3
 -9.768304072330313e-05    6    2    5    4
 0.0008389731966145882    6    2    5    5
 -0.0001984674862380977    6    2    6    1
 0.0005935131284330109    6    2    6    2
 -0.007315984783316297    6    3    1    1
 -0.0004744530324423219    6    3    2    1
 -0.0064852313156037    6    3    2    2
 0.0004413777270804229    6    3    3    1
 -0.0003849645659914401    6    3    3    2
 -0.005475464069141473    6    3    3    3
 -0.0003383826232373088    6    3    4    1
 4.348549220791485e-05    6    3    4    2
 -0.0008262485918627037    6    3    4    3
 -0.006256677972388092    6    3    4    4
 -0.0001168607768621577    6    3    5    1
 4.374717169953666e-06    6    3    5    2
 0.0001822146548459669    6    3    5    3
 -6.42709508381865e-05    6    3    5    4
 -0.006185388182840782    6    3    5    5
 0.0003175572547889199    6    3    6    1
 -0.000520155397750483    6    3    6    2
 0.00116779972670434    6    3    6    3
 -0.006968307485325632    6    4    1    1
 -0.0004788375990737368    6    4    2    1
 -0.007630142284992395    6    4    2    2
 1.588396123880812e-05    6    4    3    1
 -0.0004423155986845647    6    4    3    2
 -0.006691848559719382    6    4    3    3
 -0.0002240813750337088    6    4    4    1
 0.0007188653306118636    6    4    4    2
 -0.000766517616828528    6    4    4    3
 -0.006028495358952888    6    4    4    4
 -4.751796175101266e-05    6    4    5    1
 -9.039537792403552e-05    6    4    5    2
 -0.0001025880790802595    6    4    5    3
 0.0003327390748808326    6    4    5    4
 -0.006614114782317033    6    4    5    5
 -0.0003357627178665512    6    4    6    1
 0.0004255876075337963    6    4    6    2
 -0.0005052105575748257    6    4    6    3
 0.001188049356080979    6    4    6    4
 0.01309258017308216    6    5    1    1
 0.0009574820593587214    6    5    2    1
 0.0129669549244677    6    5    2    2
 -0.0002134316194442759    6    5    3    1
 0.0005313160768159689    6    5    3    2
 0.01092260130076895    6    5    3    3
 0.0002871687255566619    6    5    4    1
 -0.0004671935887085513    6    5    4    2
 0.0006344923597863384    6    5    4    3
 0.01101142275501006    6    5    4    4
 1.626051942127221e-05    6    5    5    1
 -3.394719596588536e-06    6    5    5    2
 0.0002590393259275476    6    5    5    3
 8.262365723953643e-05    6    5    5    4
 0.013121393995663    6    5    5    5
 -2.632543644028194e-07    6    5    6    1
 7.856723969951318e-05    6    5    6    2
 -0.0003909540072246772    6    5    6    3
 -0.000349294882923081    6    5    6    4
 0.001474924796805434    6    5    6    5
 0.1947670107341671    6    6    1    1
 0.0009045778818713105    6    6    2    1
 0.1953850522095449    6    6    2    2
 0.00181430605902219    6    6    3    1
 -0.001951697814101479    6    6    3    2
 0.1878254957287881    6    6    3    3
 -0.001560144713454301    6    6    4    1
 0.001804814563087137    6    6    4    2
 -0.005344979850856773    6    6    4    3
 0.1882797176658891    6    6    4    4
 -0.0004517580734826925    6    6    5    1
 -0.0007788040672787312    6    6    5    2
 0.0043815100527687    6    6    5    3
 0.004466055866630083    6    6    5    4
 0.2009850207749519    6    6    5    5
 0.0002848922096490819    6    6    6    1
 0.001240326097966685    6    6    6    2
 -0.006278198279432983    6    6    6    3
 -0.005863303906532152    6    6    6    4
 0.01305908666718311    6    6    6    5
 0.70912060583679    6    6    6    6
 -0.004983737971623295    7    1    1    1
 -1.786494579648945e-05    7    1    2    1
 -0.004270000363470056    7    1    2    2
 -0.0004565964349867972    7    1    3    1
 -0.0002241480933348822    7    1    3    2
 -0.003835520300051335    7    1    3    3
 0.0003944317603288786    7    1    4    1
 0.0001248015560506692    7    1    4    2
 -0.0002318106071085877    7    1    4    3
 -0.004005033965203011    7    1    4    4
 0.000329049993092063    7    1    5    1
 -0.0003001573151563926    7    1    5    2
 -0.0005106600555465393    7    1    5    3
 -3.678040389209689e-05    7    1    5    4
 -0.004655828108624178    7    1    5    5
 4.390850580943912e-05    7    1    6    1
 -9.136423067759896e-05    7    1    6    2
 0.0001543397505710128    7    1    6    3
 7.515962999673654e-05    7    1    6    4
 -0.0002082403641587987    7    1    6    5
 -0.004210261614512186    7    1    6    6
 0.0004452162172154487    7    1    7    1
 0.003019184100989048    7    2    1    1
 -0.0001992318325947861    7    2    2    1
 0.003667971906145451    7    2    2    2
 0.0001864671044790546    7    2    3    1
 -6.495680930423325e-06    7    2    3    2
 0.002640012128974703    7    2    3    3
 0.0003190840780193308    7    2    4    1
 0.0007636316628530935    7    2    4    2
 0.000521963444026297    7    2    4    3
 0.002287389449003991    7    2    4    4
 0.0004240569934745967    7    2    5    1
 0.0001413948946627287    7    2    5    2
 0.000142150851714904    7    2    5    3
 0.0004046094255092977    7    2    5    4
 0.003252531636077306    7    2    5    5
 4.460585014791944e-05    7    2    6    1
 -6.937898128879131e-05    7    2    6    2
 -5.900755487127067e-05    7    2    6    3
 -0.0002006202233187999    7    2    6    4
 0.000220858285780834    7    2    6    5
 0.002388979285550563    7    2    6    6
 -7.385249631771629e-05    7    2    7    1
 0.0003872171059112599    7    2    7    2
 -0.004755789500984952    7    3    1    1
 -0.0005282130169738052    7    3    2    1
 -0.004611558524166279    7    3    2    2
 0.0001534974103994346    7    3    3    1
 -0.0001212914207304985    7    3    3    2
 -0.004739260358228897    7    3    3    3
 -0.0001025563840628715    7    3    4    1
 0.0006215602399965414    7    3    4    2
 1.534413676999113e-05    7    3    4    3
 -0.003856659378798451    7    3    4    4
 0.000355925768274879    7    3    5    1
 -1.383522211622057e-05    7    3    5    2
 -0.0001783346206408071    7    3    5    3
 -0.0001899071186009694    7    3    5    4
 -0.004792691095930991    7    3    5    5
 5.148875560560093e-05    7    3    6    1
 -0.000171851388368252    7    3    6    2
 0.0004391764930645545    7    3    6    3
 5.313956105776175e-05    7    3    6    4
 -0.0004579280037490705    7    3    6    5
 -0.005279651155086359    7    3    6    6
 0.0001905462325738489    7    3    7    1
 -0.0002911760541735944    7    3    7    2
 0.0009119363008801327    7    3    7    3
 0.01347444286602348    7    4    1    1
 0.0008508825724083752    7    4    2    1
 0.01408395799744604    7    4    2    2
 -0.0006366984122968665    7    4    3    1
 0.000496985208905987    7    4    3    2
 0.01209583265623749    7    4    3    3
 0.0002959641771289943    7    4    4    1
 -0.0008247023625810386    7    4    4    2
 0.0008682381524224421    7    4    4    3
 0.01272232085384998    7    4    4    4
 0.0001457987940579674    7    4    5    1
 -0.0004467618789375032    7    4    5    2
 0.0006128804700727742    7    4    5    3
 0.0007133331378583285    7    4    5    4
 0.0133362423895228    7    4    5    5
 0.0001976072021633799    7    4    6    1
 -0.0001734985615255717    7    4    6    2
 -3.525238072144387e-05    7    4    6    3
 -0.001029290074232367    7    4    6    4
 0.0009424389150571114    7    4    6    5
 0.01339195881696517    7    4    6    6
 -0.0002813466437159765    7    4    7    1
 0.0006029538137220198    7    4    7    2
 -0.0007811997799591499    7    4    7    3
 0.002497693084025361    7    4    7    4
 0.003325686587856372    7    5    1    1
 0.0001642844739659324    7    5    2    1
 0.005160868208020932    7    5    2    2
 0.000228358361992933    7    5    3    1
 1.608800347115551e-05    7    5    3    2
 0.004722086652409688    7    5    3    3
 9.690690240141651e-05    7    5    4    1
 -0.0004497033407621282    7    5    4    2
 0.0001008009013062401    7    5    4    3
 0.00283577280496175    7    5    4    4
 -7.640240086821451e-05    7    5    5    1
 5.095308512218018e-05    7    5    5    2
 -9.641548210809084e-06    7    5    5    3
 0.0007722435949108529    7    5    5    4
 0.004578069173989718    7    5    5    5
 0.0003014072530911113    7    5    6    1
 -0.0004351491359550958    7    5    6    2
 0.0005434505442322183    7    5    6    3
 -0.0007592948919763385    7    5    6    4
 0.0002579480568627501    7    5    6    5
 0.00426577981490416    7    5    6    6
 2.763588019851495e-05    7    5    7    1
 0.0002183950632896297    7    5    7    2
 5.9256881118321e-05    7    5    7    3
 0.001039689740767556    7    5    7    4
 0.001545171086894095    7    5    7    5
 -0.002347109260576668    7    6    1    1
 -1.068197754006624e-05    7    6    2    1
 -0.002670544706929595    7    6    2    2
 -3.478041560666419e-06    7    6    3    1
 3.980765151769398e-05    7    6    3    2
 -0.002436833314283288    7    6    3    3
 3.760685289467257e-07    7    6    4    1
 2.788238812640703e-05    7    6    4    2
 4.541107197671861e-05    7    6    4    3
 -0.002303686324336954    7    6    4    4
 -6.012307758763017e-05    7    6    5    1
 0.0001110175211324133    7    6    5    2
 -0.0001033650944023917    7    6    5    3
 -0.0001164538416505756    7    6    5    4
 -0.002529040267927792    7    6    5    5
 -0.0001228248771168305    7    6    6    1
 -4.558195947752922e-05    7    6    6    2
 -3.724681208321342e-05    7    6    6    3
 0.0007800204314475122    7    6    6    4
 -0.000158624567403296    7    6    6    5
 -0.01357259593598331    7    6    6    6
 0.0001023799274533192    7    6    7    1
 -0.0001613666561530653    7    6    7    2
 -2.397553450166045e-05    7    6    7    3
 -0.0007067116243399369    7    6    7    4
 0.0002546512576529588    7    6    7    5
 0.01997060375294227    7    6    7    6
 0.1864891148057609    7    7    1    1
 0.0008805214852367669    7    7    2    1
 0.1855171812313246    7    7    2    2
 0.001364384531958664    7    7    3    1
 -0.001788707630245634    7    7    3    2
 0.1783678765473298    7    7    3    3
 -0.001410248599227464    7    7    4    1
 0.00212821976807855    7    7    4    2
 -0.005114025440041513    7    7    4    3
 0.1809505977026777    7    7    4    4
 -0.0004133748603294135    7    7    5    1
 -0.0007013485326790111    7    7    5    2
 0.004187122274030745    7    7    5    3
 0.004164124293439137    7    7    5    4
 0.1912182923778417    7    7    5    5
 -2.305316624328662e-05    7    7    6    1
 0.001477048008183313    7    7    6    2
 -0.005654564983004312    7    7    6    3
 -0.004120847406211576    7    7    6    4
 0.01048820336633375    7    7    6    5
 0.5948927865263808    7    7    6    6
 -0.003685324001094803    7    7    7    1
 0.001956404891046891    7    7    7    2
 -0.005074072341273712    7    7    7    3
 0.01169344193998288    7    7    7    4
 0.003280772147805267    7    7    7    5
 -0.01097352783412815    7    7    7    6
 0.5672437430620025    7    7    7    7
 -0.0008769316901033007    8    1    1    1
 -0.0005293806522303827    8    1    2    1
 -0.001260207657742147    8    1    2    2
 0.0008316928380613473    8    1    3    1
 0.0002140291107086439    8    1    3    2
 -0.001354935059507099    8    1    3    3
 0.0001129543457918605    8    1    4    1
 0.0004326767658468683    8    1    4    2
 0.0002900769462114394    8    1    4    3
 -0.0009961715779477217    8    1    4    4
 0.0003395472687184993    8    1    5    1
 0.000275335337666309    8    1    5    2
 0.0001563556133441269    8    1    5    3
 7.799425632551339e-06    8    1    5    4
 -0.0009620785449993656    8    1    5    5
 -0.0001292314068259253    8    1    6    1
 9.073667665403992e-05    8    1    6    2
 -0.0001571859404506824    8    1    6    3
 0.0001678868133712554    8    1    6    4
 -1.880613476370955e-05    8    1    6    5
 -0.001513052984505362    8    1    6    6
 -3.267213009869471e-05    8    1    7    1
 3.031521240507703e-05    8    1    7    2
 -0.0001262021459523982    8    1    7    3
 -0.0001233954551312269    8    1    7    4
 -0.0002175545327623062    8    1    7    5
 4.229100808158787e-05    8    1    7    6
 -0.001366160229610937    8    1    7    7
 0.000193195961249602    8    1    8    1
 -0.005871343265520604    8    2    1    1
 -0.0004454348348160203    8    2    2    1
 -0.006063380382035791    8    2    2    2
 0.0003941210299504683    8    2    3    1
 0.0002798225917679304    8    2    3    2
 -0.004899112549255439    8    2    3    3
 -6.474956822477045e-05    8    2    4    1
 0.0001998491949571362    8    2    4    2
 -0.0001347797838640789    8    2    4    3
 -0.005339665358473559    8    2    4    4
 -0.0001251221955883196    8    2    5    1
 0.0004981149447369535    8    2    5    2
 -0.0001785057743037189    8    2    5    3
 -0.0003698732602491909    8    2    5    4
 -0.005780306598182894    8    2    5    5
 2.833848246373474e-05    8    2    6    1
 -0.00015955996935869    8    2    6    2
 0.0003197807164343376    8    2    6    3
 -2.304503314110081e-06    8    2    6    4
 -0.0003048606580187142    8    2    6    5
 -0.006147104271430563    8    2    6    6
 0.0001161604045121486    8    2    7    1
 -0.0001710063079918426    8    2    7    2
 0.0002682567852278163    8    2    7    3
 -0.0002912350512238352    8    2    7    4
 4.886843004020334e-05    8    2    7    5
 0.0002977705637776404    8    2    7    6
 -0.005247527212455855    8    2    7    7
 -3.460165444443825e-05    8    2    8    1
 0.0004268316479147727    8    2    8    2
 0.01415684234516749    8    3    1    1
 0.0007049572790346835    8    3    2    1
 0.01317565334972061    8    3    2    2
 -0.0005578743563327183    8    3    3    1
 0.0004848193590201813    8    3    3    2
 0.0121349029011251    8    3    3    3
 0.0003281728737615079    8    3    4    1
 -0.0005732540331861543    8    3    4    2
 0.00103763590652835    8    3    4    3
 0.01230742920137296    8    3    4    4
 -0.0002033624731211786    8    3    5    1
 -6.677953965776361e-06    8    3    5    2
 0.0009625040361366321    8    3    5    3
 0.0004544554391139214    8    3    5    4
 0.01312110547532389    8    3    5    5
 -0.0001943149112877099    8    3    6    1
 0.0004104765566061915    8    3    6    2
 -0.0009936993889851436    8    3    6    3
 2.464806272012831e-05    8    3    6    4
 0.0008702300717763941    8    3    6    5
 0.01324604076913804    8    3    6    6
 -0.0003886092565546821    8    3    7    1
 0.0002140659101706822    8    3    7    2
 -0.0009860552131256584    8    3    7    3
 0.0007895252084235586    8    3    7    4
 -0.000306925563194196    8    3    7    5
 -0.0003392331045548268    8    3    7    6
 0.01149562278148461    8    3    7    7
 0.0001797370481026614    8    3    8    1
 -0.0005678588718909495    8    3    8    2
 0.001932989132210914    8    3    8    3
 0.003765012658002292    8    4    1    1
 3.739402815790873e-06    8    4    2    1
 0.004285777926345046    8    4    2    2
 0.0001430164619612354    8    4    3    1
 0.0001077035535646842    8    4    3    2
 0.004016957269955129    8    4    3    3
 0.0001164172951818303    8    4    4    1
 -0.0003669952211903591    8    4    4    2
 0.0005370989668558005    8    4    4    3
 0.003131407473147469    8    4    4    4
 -7.76354732066017e-06    8    4    5    1
 0.0001680418263169049    8    4    5    2
 8.390652704045452e-05    8    4    5    3
 0.0003326781599720263    8    4    5    4
 0.003671459843337995    8    4    5    5
 9.381612312855994e-05    8    4    6    1
 -0.0001143817765782147    8    4    6    2
 9.89714360026331e-05    8    4    6    3
 -0.0002622475046973631    8    4    6    4
 0.0001145930314155084    8    4    6    5
 0.003862718011967812    8    4    6    6
 1.619581346366589e-05    8    4    7    1
 2.503002350434014e-05    8    4    7    2
 0.0001385822379655857    8    4    7    3
 0.0001922098193350561    8    4    7    4
 0.0002904037386286292    8    4    7    5
 -0.0001088387058772144    8    4    7    6
 0.003777312759669702    8    4    7    7
 -0.0001314601945150564    8    4    8    1
 -1.028496527987645e-05    8    4    8    2
 -0.0001719129343753718    8    4    8    3
 0.000362337159632254    8    4    8    4
 0.007156292762464159    8    5    1    1
 0.0002954142110995188    8    5    2    1
 0.006300254471028882    8    5    2    2
 -0.0001526449018816506    8    5    3    1
 0.0001118617354582624    8    5    3    2
 0.005527321191298691    8    5    3    3
 2.905877829595174e-05    8    5    4    1
 3.450948350951437e-05    8    5    4    2
 0.0001762141023789505    8    5    4    3
 0.006429421817109335    8    5    4    4
 -0.0001178298396942237    8    5    5    1
 -0.0002755613605059024    8    5    5    2
 0.0009819536672936253    8    5    5    3
 0.0005147876578363996    8    5    5    4
 0.007236425935932523    8    5    5    5
 -0.0001498045158009948    8    5    6    1
 0.0002336307734954983    8    5    6    2
 -0.0004637984638256469    8    5    6    3
 0.0001257607671493632    8    5    6    4
 0.0004508991723591134    8    5    6    5
 0.007901952563519291    8    5    6    6
 -0.0001956708618029827    8    5    7    1
 7.002304002802795e-05    8    5    7    2
 -0.0004035270779117608    8    5    7    3
 0.000355687314339282    8    5    7    4
 -0.000370426280756698    8    5    7    5
 -0.0001189075737982543    8    5    7    6
 0.007137976367976785    8    5    7    7
 6.87878906214098e-05    8    5    8    1
 -0.0002912958792427856    8    5    8    2
 0.0008744919890119591    8    5    8    3
 -1.303692017682267e-06    8    5    8    4
 0.0008185241533096324    8    5    8    5
 -0.005587396501956422    8    6    1    1
 -3.20369926064453e-05    8    6    2    1
 -0.005517363556872825    8    6    2    2
 -5.688254277909653e-05    8    6    3    1
 8.067232045537182e-05    8    6    3    2
 -0.005229964467106674    8    6    3    3
 8.140024507309861e-05    8    6    4    1
 -2.382062116721947e-05    8    6    4    2
 0.0001266683250552863    8    6    4    3
 -0.00526815765299255    8    6    4    4
 9.026553642630537e-05    8    6    5    1
 1.746148756314787e-05    8    6    5    2
 -0.0002531731209739506    8    6    5    3
 -0.0002491970952090769    8    6    5    4
 -0.005685680618142275    8    6    5    5
 -0.0001651857059432513    8    6    6    1
 -0.0003085444596054177    8    6    6    2
 0.0009628461673339341    8    6    6    3
 0.0005498416060392605    8    6    6    4
 -0.0001906267713086961    8    6    6    5
 -0.02461325859120479    8    6    6    6
 0.0004445879309488413    8    6    7    1
 -0.00016317898312663    8    6    7    2
 0.0003362559780416728    8    6    7    3
 -0.00072672577340267    8    6    7    4
 -0.0001074854264084655    8    6    7    5
 0.003249877026834885    8    6    7    6
 -0.02340213671039548    8    6    7    7
 7.748266310696895e-05    8    6    8    1
 0.0004306875826832038    8    6    8    2
 -0.0009096427182933674    8    6    8    3
 -0.0003191327480190306    8    6    8    4
 0.000266080470310767    8    6    8    5
 0.02613573210908247    8    6    8    6
 -0.003595482882474121    8    7    1    1
 -9.144245005568777e-05    8    7    2    1
 -0.004688248994150711    8    7    2    2
 -0.0004142548728605299    8    7    3    1
 0.000172130859672589    8    7    3    2
 -0.004805062235258176    8    7    3    3
 0.0001214711630631481    8    7    4    1
 6.422704538892657e-05    8    7    4    2
 0.0004031145486253863    8    7    4    3
 -0.003353909927815445    8    7    4    4
 -5.449218737260716e-05    8    7    5    1
 -2.443536046776623e-05    8    7    5    2
 -1.649542718724891e-05    8    7    5    3
 -0.0001052738715442358    8    7    5    4
 -0.004445727409245874    8    7    5    5
 -0.0002072765074463868    8    7    6    1
 0.0003557358039842478    8    7    6    2
 -0.000536236973367729    8    7    6    3
 0.0003501102901122612    8    7    6    4
 0.0004760228453774681    8    7    6    5
 0.00586969361277301    8    7    6    6
 -1.376972257131949e-05    8    7    7    1
 -6.814844602693419e-05    8    7    7    2
 -0.0002307987454259246    8    7    7    3
 0.0005942293941853151    8    7    7    4
 0.0001458999272046368    8    7    7    5
 0.001505590858456916    8    7    7    6
 0.01200765567279383    8    7    7    7
 -4.707807401526955e-05    8    7    8    1
 -2.95842613548655e-05    8    7    8    2
 0.0006311194022620088    8    7    8    3
 0.0007115702654073475    8    7    8    4
 0.0008888885234452271    8    7    8    5
 0.0008221312466885859    8    7    8    6
 0.02006019276283826    8    7    8    7
 0.1789572115868716    8    8    1    1
 0.0006298738272035887    8    8    2    1
 0.18086591431316    8    8    2    2
 0.001658398302813697    8    8    3    1
 -0.001659970914291631    8    8    3    2
 0.1746477660240685    8    8    3    3
 -0.001250059571692788    8    8    4    1
 0.0009746447487064516    8    8    4    2
 -0.004666239786856092    8    8    4    3
 0.1730342380072464    8    8    4    4
 -0.0004034910640920245    8    8    5    1
 -0.0006716640796066948    8    8    5    2
 0.003931987943700384    8    8    5    3
 0.004073718264792014    8    8    5    4
 0.1848094009644871    8    8    5    5
 0.0005829652277800447    8    8    6    1
 0.0007201483398832479    8    8    6    2
 -0.004677479359909347    8    8    6    3
 -0.005527349998184303    8    8    6    4
 0.01127355194280727    8    8    6    5
 0.6064043905123115    8    8    6    6
 -0.003417152844980678    8    8    7    1
 0.001929107982053748    8    8    7    2
 -0.004426441233970227    8    8    7    3
 0.01292031321110162    8    8    7    4
 0.004702362683691046    8    8    7    5
 -0.01402931399978097    8    8    7    6
 0.5481955532941922    8    8    7    7
 -0.001632198123498866    8    8    8    1
 -0.005766570745421054    8    8    8    2
 0.01328849027250935    8    8    8    3
 0.003650902803109072    8    8    8    4
 0.00798445693601281    8    8    8    5
 -0.02081041957211069    8    8    8    6
 0.01155079253145923    8    8    8    7
 0.6119524358781253    8    8    8    8
 -0.01150422510760188    9    1    1    1
 -0.0003876227049561399    9    1    2    1
 -0.01093456819550388    9    1    2    2
 2.710491223907093e-05    9    1    3    1
 -0.0005474117529847048    9    1    3    2
 -0.009772558882685843    9    1    3    3
 -0.0001676222341953838    9    1    4    1
 0.000674188124103226    9    1    4    2
 -0.0008937616162431603    9    1    4    3
 -0.009096042882493851    9    1    4    4
 0.0001265016797940234    9    1    5    1
 -0.0001752671243199374    9    1    5    2
 -0.000541650864008854    9    1    5    3
 -0.0002055272033409855    9    1    5    4
 -0.01047170840750519    9    1    5    5
 -0.0001990998008924735    9    1    6    1
 0.000161253696398215    9    1    6    2
 7.703256211464553e-06    9    1    6    3
 0.000757291223571322    9    1    6    4
 -0.0007983266539700616    9    1    6    5
 -0.01005052195210977    9    1    6    6
 0.0002458721701388732    9    1    7    1
 -0.0003557007621558145    9    1    7    2
 0.0004726491850806814    9    1    7    3
 -0.001434468195256432    9    1    7    4
 -0.0007513392992771691    9    1    7    5
 0.0001797433406348557    9    1    7    6
 -0.008148223645480198    9    1    7    7
 0.0001219525577482276    9    1    8    1
 0.0001945150291464345    9    1    8    2
 -0.0005988459700977119    9    1    8    3
 -0.0001777718096072603    9    1    8    4
 -0.0002467252587804388    9    1    8    5
 0.0005576914849691442    9    1    8    6
 -0.0004634248761283931    9    1    8    7
 -0.009874879123723604    9    1    8    8
 0.001414299309780585    9    1    9    1
 0.005975746291445917    9    2    1    1
 -0.0003114666905414043    9    2    2    1
 0.006752602579119625    9    2    2    2
 3.523121903130735e-05    9    2    3    1
 0.0002808836532480152    9    2    3    2
 0.005414298683550913    9    2    3    3
 0.000330948039106297    9    2    4    1
 0.000210306550603234    9    2    4    2
 0.0005444441349989966    9    2    4    3
 0.005129628840971991    9    2    4    4
 0.000260111722791311    9    2    5    1
 4.154002629174201e-05    9    2    5    2
 0.0003086502764563031    9    2    5    3
 0.0004088818452625689    9    2    5    4
 0.005931440753067061    9    2    5    5
 4.357201954006466e-05    9    2    6    1
 -1.731035007839115e-06    9    2    6    2
 -0.000193769010004442    9    2    6    3
 -0.0001844475613524392    9    2    6    4
 0.0002911620531768364    9    2    6    5
 0.005992005850376395    9    2    6    6
 -0.0001183848225573435    9    2    7    1
 0.0002109711020970811    9    2    7    2
 -0.0002403215416350076    9    2    7    3
 0.0004912678750675082    9    2    7    4
 0.0001629324220478336    9    2    7    5
 -0.0001416682725375297    9    2    7    6
 0.005072641657822447    9    2    7    7
 9.010602687382943e-06    9    2    8    1
 -0.0002263086853757276    9    2    8    2
 0.0004326318569598502    9    2    8    3
 9.91775394992401e-05    9    2    8    4
 0.0002176990006443433    9    2    8    5
 -0.0004951467867640749    9    2    8    6
 0.0004920452282445861    9    2    8    7
 0.005540659725226193    9    2    8    8
 -0.0004123307659918461    9    2    9    1
 0.0003451555292256808    9    2    9    2
 7.118554406813031e-05    9    3    1    1
 -7.229993536355642e-05    9    3    2    1
 0.0003634437519474432    9    3    2    2
 -0.0003411524035942467    9    3    3    1
 0.0001376833206878876    9    3    3    2
 3.982830899072892e-05    9    3    3    3
 -1.443789537719721e-05    9    3    4    1
 4.914042995473956e-05    9    3    4    2
 0.0001159509018630093    9    3    4    3
 8.640165743426069e-05    9    3    4    4
 0.0001914531543336441    9    3    5    1
 -6.641095866821545e-05    9    3    5    2
 -8.102192018971541e-05    9    3    5    3
 1.876409936514276e-05    9    3    5    4
 -0.0001248482423725299    9    3    5    5
 4.577691189157878e-05    9    3    6    1
 -0.0001019588580748818    9    3    6    2
 0.0001972174186693847    9    3    6    3
 -0.0001130863725046671    9    3    6    4
 -0.000111385611845086    9    3    6    5
 -0.001074448903964252    9    3    6    6
 9.739156226375249e-05    9    3    7    1
 -6.835342156455174e-05    9    3    7    2
 0.0003292093473835845    9    3    7    3
 -0.0001006696484765178    9    3    7    4
 0.0001239888167542421    9    3    7    5
 -3.422379900204409e-05    9    3    7    6
 -0.0004874887939256413    9    3    7    7
 -0.0001146346272340535    9    3    8    1
 0.00011083510277731    9    3    8    2
 -0.000389382182703076    9    3    8    3
 0.0001145452096532966    9    3    8    4
 -0.0001620989747603725    9    3    8    5
 0.0002876690923947076    9    3    8    6
 -0.0005045194400778625    9    3    8    7
 -0.0006164760376148635    9    3    8    8
 8.157167978242369e-05    9    3    9    1
 -0.0001179342083248121    9    3    9    2
 0.0003031527029075196    9    3    9    3
 0.006535367694709633    9    4    1    1
 0.0004561946899108572    9    4    2    1
 0.00631806690017155    9    4    2    2
 -0.0002075938550445849    9    4    3    1
 0.000152025802966341    9    4    3    2
 0.005569457199472256    9    4    3    3
 -0.0001653991356431518    9    4    4    1
 -8.460379987999709e-05    9    4    4    2
 0.0001557783295665166    9    4    4    3
 0.005937891851308427    9    4    4    4
 -6.426743016669514e-05    9    4    5    1
 -0.000181233003803219    9    4    5    2
 0.0004768838514265754    9    4    5    3
 0.0002963016664064514    9    4    5    4
 0.006461974793624955    9    4    5    5
 0.0001219088196865154    9    4    6    1
 -4.604952303815205e-05    9    4    6    2
 -0.0001164256108224789    9    4    6    3
 -0.000291147418255543    9    4    6    4
 0.0003546147766247764    9    4    6    5
 0.006694555140737634    9    4    6    6
 -0.0001789236918363858    9    4    7    1
 0.0001794734153700696    9    4    7    2
 -0.0002713540345958432    9    4    7    3
 0.0006809278749869693    9    4    7    4
 0.0002941126679010215    9    4    7    5
 -2.142795999233611e-05    9    4    7    6
 0.005497001097433113    9    4    7    7
 -3.57777311628415e-05    9    4    8    1
 -0.0001417820290688834    9    4    8    2
 0.0003999348864934061    9    4    8    3
 9.569516504664604e-05    9    4    8    4
 0.0001627827528445489    9    4    8    5
 -0.0005494903106552478    9    4    8    6
 0.0001344417169246624    9    4    8    7
 0.006097547804911541    9    4    8    8
 -0.0005232714866318046    9    4    9    1
 0.0002859707083601365    9    4    9    2
 -0.0001203690122081667    9    4    9    3
 0.0005314399447848831    9    4    9    4
 0.0002899026782562818    9    5    1    1
 -7.182043122532815e-05    9    5    2    1
 0.001053234622723516    9    5    2    2
 0.0002456520258036766    9    5    3    1
 4.13561992350245e-05    9    5    3    2
 0.001297454859719437    9    5    3    3
 -6.052481558087924e-05    9    5    4    1
 -0.0003289586806843022    9    5    4    2
 2.503736533357156e-05    9    5    4    3
 0.0002487285752036403    9    5    4    4
 -0.0004259582246579413    9    5    5    1
 0.0003138376769733639    9    5    5    2
 0.000126251467669352    9    5    5    3
 0.0002512746338680741    9    5    5    4
 0.000840602464527147    9    5    5    5
 0.0001384061102090489    9    5    6    1
 -0.0001909952505116525    9    5    6    2
 0.0003367305251192172    9    5    6    3
 -0.0003662446993929174    9    5    6    4
 3.201382120268985e-05    9    5    6    5
 0.0008472621873493766    9    5    6    6
 -5.468938178621787e-05    9    5    7    1
 6.993178899237259e-05    9    5    7    2
 6.86086023430568e-05    9    5    7    3
 0.000402768599150509    9    5    7    4
 0.0006388343159893226    9    5    7    5
 -0.0001325300782558668    9    5    7    6
 0.000541532025355068    9    5    7    7
 -0.0001176295217916886    9    5    8    1
 8.196504119697742e-05    9    5    8    2
 -0.0002174618056255799    9    5    8    3
 0.0001036755377134389    9    5    8    4
 -0.000235351386001037    9    5    8    5
 4.783287505345375e-05    9    5    8    6
 -0.0002439086842187577    9    5    8    7
 0.00114542458601272    9    5    8    8
 -0.0003501793458537273    9    5    9    1
 1.01034094410184e-05    9    5    9    2
 0.0001329914975320635    9    5    9    3
 0.0001178927233754305    9    5    9    4
 0.0005972577530237147    9    5    9    5
 -0.0008123923175188904    9    6    1    1
 8.084732944261311e-06    9    6    2    1
 -0.000845692757230202    9    6    2    2
 -9.194723723469958e-05    9    6    3    1
 -2.800828222034367e-05    9    6    3    2
 -0.0008101415150506703    9    6    3    3
 7.469843644504861e-05    9    6    4    1
 2.649750533048191e-05    9    6    4    2
 1.938357279784346e-06    9    6    4    3
 -0.0007295297240219142    9    6    4    4
 -1.665459723693915e-05    9    6    5    1
 -0.0001031247155628725    9    6    5    2
 -0.0001076140929470993    9    6    5    3
 1.957750854937132e-05    9    6    5    4
 -0.0008717678930326736    9    6    5    5
 -0.0004297571902602496    9    6    6    1
 0.0003229924996609736    9    6    6    2
 1.643631908865104e-05    9    6    6    3
 0.0002921669676252479    9    6    6    4
 3.710993822924851e-05    9    6    6    5
 -0.001971990423921134    9    6    6    6
 0.0001250614434015375    9    6    7    1
 1.180172856471805e-06    9    6    7    2
 8.396431952551523e-05    9    6    7    3
 -4.505513480930359e-05    9    6    7    4
 -1.80480241271812e-05    9    6    7    5
 -0.002600712780832824    9    6    7    6
 -0.0006156772147327387    9    6    7    7
 -6.962856642741093e-05    9    6    8    1
 0.0001734598436571042    9    6    8    2
 -0.0003001984551862804    9    6    8    3
 0.0002890542228362176    9    6    8    4
 0.0001344625754845294    9    6    8    5
 0.003066305253222019    9    6    8    6
 0.005361944342361208    9    6    8    7
 -0.003768450360811037    9    6    8    8
 0.0001621438747737935    9    6    9    1
 7.570999545255154e-05    9    6    9    2
 -0.0002840512116009196    9    6    9    3
 -0.000432498834218544    9    6    9    4
 0.0004508411654118337    9    6    9    5
 0.02308152920901255    9    6    9    6
 0.002106769525803151    9    7    1    1
 5.979086470427859e-05    9    7    2    1
 0.002240732372619158    9    7    2    2
 0.0002718888113656504    9    7    3    1
 -0.0001029748280957941    9    7    3    2
 0.002253748197422951    9    7    3    3
 -0.0002252851540704057    9    7    4    1
 0.000137108482798321    9    7    4    2
 -0.0002562457183148802    9    7    4    3
 0.001990668626248115    9    7    4    4
 -7.131414183052515e-05    9    7    5    1
 4.293827088384634e-05    9    7    5    2
 5.09977318509304e-05    9    7    5    3
 6.58778068843551e-05    9    7    5    4
 0.002412544750726892    9    7    5    5
 0.0001590724217057756    9    7    6    1
 -0.0001674292480103251    9    7    6    2
 0.0001766641780919803    9    7    6    3
 5.964072541309136e-05    9    7    6    4
 -0.0006887479618721981    9    7    6    5
 -0.01408198450444907    9    7    6    6
 -0.0001254245875232676    9    7    7    1
 4.462131324461399e-05    9    7    7    2
 0.0003795683746771954    9    7    7    3
 -0.0007046762217826791    9    7    7    4
 -0.0001862091594529745    9    7    7    5
 0.0003694145125559251    9    7    7    6
 -0.01653182899120171    9    7    7    7
 6.209810121867995e-05    9    7    8    1
 0.0002151100592549199    9    7    8    2
 -0.000754097272408613    9    7    8    3
 -0.0002011295704259321    9    7    8    4
 -0.0007476772251514326    9    7    8    5
 -0.004683015552863855    9    7    8    6
 -0.004929005623141948    9    7    8    7
 -0.01696999157422661    9    7    8    8
 0.0004710074771601727    9    7    9    1
 -0.0002051539342546628    9    7    9    2
 -0.0001929887935633927    9    7    9    3
 0.0002472981935847385    9    7    9    4
 -6.463378772471224e-05    9    7    9    5
 -0.004809121716693935    9    7    9    6
 0.01893758188743493    9    7    9    7
 -0.0002907088601815486    9    8    1    1
 -1.129049055113949e-05    9    8    2    1
 -0.001123698688118246    9    8    2    2
 -0.0003282059697585347    9    8    3    1
 0.0001289299613750605    9    8    3    2
 -0.00125670039141816    9    8    3    3
 8.213400260327294e-05    9    8    4    1
 6.673891945115433e-05    9    8    4    2
 0.0002251464748039444    9    8    4    3
 -0.0002379040793863207    9    8    4    4
 1.94746098495541e-05    9    8    5    1
 -2.172091287343125e-05    9    8    5    2
 6.038325571790409e-05    9    8    5    3
 2.499790087961333e-06    9    8    5    4
 -0.000901291451385696    9    8    5    5
 -0.0002055495260920669    9    8    6    1
 0.0003058461625986825    9    8    6    2
 -0.0003741958292448378    9    8    6    3
 0.0001826174435424972    9    8    6    4
 0.0003210661388466547    9    8    6    5
 0.003178453437537764    9    8    6    6
 -0.0001457232580737014    9    8    7    1
 0.0001118206372785551    9    8    7    2
 -0.000657560242930112    9    8    7    3
 0.0005126522963680963    9    8    7    4
 -0.0002266339317238237    9    8    7    5
 -2.779377141963534e-05    9    8    7    6
 0.01488593497777745    9    8    7    7
 -0.0003674155561762633    9    8    8    1
 -1.805859974608148e-05    9    8    8    2
 0.0005878689760365291    9    8    8    3
 0.0002733686540846445    9    8    8    4
 0.0004980536309224632    9    8    8    5
 0.0004358395687472734    9    8    8    6
 0.0005560057326557956    9    8    8    7
 0.007783671277178147    9    8    8    8
 -9.649889833609491e-05    9    8    9    1
 -0.0002815973818717426    9    8    9    2
 0.0007662767637614867    9    8    9    3
 6.615674444346036e-05    9    8    9    4
 0.0003107595419094968    9    8    9    5
 -0.0007806907176155968    9    8    9    6
 -0.003200474754919793    9    8    9    7
 0.02342600844064356    9    8    9    8
 0.1908085436116498    9    9    1    1
 0.0006211992011603634    9    9    2    1
 0.1894834448419848    9    9    2    2
 0.001398308632158791    9    9    3    1
 -0.001704649076932339    9    9    3    2
 0.1822718176036495    9    9    3    3
 -0.001526090776779645    9    9    4    1
 0.001920758392793091    9    9    4    2
 -0.005012999500642287    9    9    4    3
 0.1843535904539656    9    9    4    4
 -0.0006052784179629518    9    9    5    1
 -0.0007415512855601332    9    9    5    2
 0.004477178791528187    9    9    5    3
 0.004270081992726182    9    9    5    4
 0.195458803034469    9    9    5    5
 2.365742879456924e-05    9    9    6    1
 0.001420883870885048    9    9    6    2
 -0.006501560889029847    9    9    6    3
 -0.004757176137957035    9    9    6    4
 0.0129027438457497    9    9    6    5
 0.6754740790469717    9    9    6    6
 -0.004138389254051742    9    9    7    1
 0.001888056042550667    9    9    7    2
 -0.005399919979499871    9    9    7    3
 0.01323924834225603    9    9    7    4
 0.004229072489584843    9    9    7    5
 -0.003271537400393036    9    9    7    6
 0.6065703721464144    9    9    7    7
 -0.001672008233614711    9    9    8    1
 -0.006150882128134955    9    9    8    2
 0.01413015434904207    9    9    8    3
 0.004144974879217907    9    9    8    4
 0.008893516298017238    9    9    8    5
 -0.02226337498232279    9    9    8    6
 0.01789733285523964    9    9    8    7
 0.6195403903122702    9    9    8    8
 -0.01102806683089784    9    9    9    1
 0.006792273101580189    9    9    9    2
 -0.00138822317960171    9    9    9    3
 0.007142787575359289    9    9    9    4
 0.0005015864748091093    9    9    9    5
 -0.002307085980164143    9    9    9    6
 -0.02001710458588843    9    9    9    7
 0.009456257317116306    9    9    9    8
 0.7320203613365076    9    9    9    9
 0.006086397674207693   10    1    1    1
 -0.000296224023136363   10    1    2    1
 0.005325685911745809   10    1    2    2
 0.0001864451759929328   10    1    3    1
 0.0003268820392597841   10    1    3    2
 0.004689418300949134   10    1    3    3
 0.0002007308879370088   10    1    4    1
 -5.193985597573089e-05   10    1    4    2
 0.0004764501275093311   10    1    4    3
 0.004892622709155967   10    1    4    4
 4.413142065671874e-05   10    1    5    1
 0.0001489324311666016   10    1    5    2
 0.000411427564106986   10    1    5    3
 0.0002069786036299066   10    1    5    4
 0.005294372596120143   10    1    5    5
 -7.286771636495184e-06   10    1    6    1
 5.714352204773663e-05   10    1    6    2
 -0.0001509760817912408   10    1    6    3
 -0.0001917822459674572   10    1    6    4
 0.0002665176461032211   10    1    6    5
 0.005364938767408811   10    1    6    6
 -0.0001819892497257442   10    1    7    1
 0.0001122135082298441   10    1    7    2
 -0.0001742624176066507   10    1    7    3
 0.0004410473696619704   10    1    7    4
 0.000122649559690852   10    1    7    5
 -0.0003076675526576294   10    1    7    6
 0.004425166604058383   10    1    7    7
 2.588121321697986e-06   10    1    8    1
 -0.0001376469344449828   10    1    8    2
 0.0003880699116143638   10    1    8    3
 6.704945624098851e-05   10    1    8    4
 0.0002065439223702904   10    1    8    5
 -0.0003354340138037475   10    1    8    6
 0.0003011408567322513   10    1    8    7
 0.005217543491878445   10    1    8    8
 -0.0003736435850029179   10    1    9    1
 0.0001952242256448422   10    1    9    2
 -5.116334809482079e-05   10    1    9    3
 0.0001705577236562508   10    1    9    4
 6.421667564017545e-05   10    1    9    5
 0.0001734598857155756   10    1    9    6
 -0.0003309922025625023   10    1    9    7
 -6.734052449864261e-05   10    1    9    8
 0.005348754189060543   10    1    9    9
 0.0002572777310788194   10    1   10    1
 -0.01080336138815193   10    2    1    1
 -0.0004132639007149062   10    2    2    1
 -0.0111955989994444   10    2    2    2
 0.0004535277391675908   10    2    3    1
 -0.0004156838267431178   10    2    3    2
 -0.008795089297267637   10    2    3    3
 -0.000406080688300874   10    2    4    1
 0.0002292171041917953   10    2    4    2
 -0.0009121467573519812   10    2    4    3
 -0.009526895704614085   10    2    4    4
 -0.0002482747285469529   10    2    5    1
 0.0001956267497339551   10    2    5    2
 -0.0003923894257335993   10    2    5    3
 -0.0004463652037016777   10    2    5    4
 -0.01018150983627682   10    2    5    5
 0.0001420320431766424   10    2    6    1
 -0.0003554895921269538   10    2    6    2
 0.0007358711131071351   10    2    6    3
 2.784709234495732e-05   10    2    6    4
 -0.0008104378781059491   10    2    6    5
 -0.01021345026369902   10    2    6    6
 0.0002600914366777291   10    2    7    1
 -0.0002623950842533037   10    2    7    2
 0.000712462026361063   10    2    7    3
 -0.0007749460672744071   10    2    7    4
 0.0001907988217073214   10    2    7    5
 0.0004030567760205925   10    2    7    6
 -0.008873020375796386   10    2    7    7
 -0.0001366659393000023   10    2    8    1
 0.0004599106771974014   10    2    8    2
 -0.001252298798355051   10    2    8    3
 5.743063411437957e-05   10    2    8    4
 -0.0006717804269362635   10    2    8    5
 0.0003894141231779615   10    2    8    6
 -0.0008832340552265541   10    2    8    7
 -0.009448287671980788   10    2    8    8
 0.0005059142415825702   10    2    9    1
 -0.0003935288360438538   10    2    9    2
 0.0002749377912333067   10    2    9    3
 -0.0003076468434841311   10    2    9    4
 0.0001708347012021684   10    2    9    5
 -0.0002071870353168849   10    2    9    6
 0.0007471023795142424   10    2    9    7
 -0.0004750985837166101   10    2    9    8
 -0.01061404383606389   10    2    9    9
 -0.0003539186989018128   10    2   10    1
 0.001376184723397499   10    2   10    2
 0.003846522125933846   10    3    1    1
 0.000288992829143408   10    3    2    1
 0.004150534866003136   10    3    2    2
 0.0001158152320318412   10    3    3    1
 -0.0002027679595361901   10    3    3    2
 0.003648742817901657   10    3    3    3
 1.963074558462471e-05   10    3    4    1
 -0.000167069251017261   10    3    4    2
 -4.202722685201385e-05   10    3    4    3
 0.003487693566499944   10    3    4    4
 -4.942727530701713e-05   10    3    5    1
 -0.0001134231461602666   10    3    5    2
 0.0002487192289658763   10    3    5    3
 0.0003680361802791018   10    3    5    4
 0.004175190413732354   10    3    5    5
 -1.922855425418235e-05   10    3    6    1
 8.552302969576847e-05   10    3    6    2
 -7.251094641908924e-05   10    3    6    3
 -0.0001421605502073186   10    3    6    4
 0.0001832601917341204   10    3    6    5
 0.004419825830950336   10    3    6    6
 -9.379340549200734e-05   10    3    7    1
 0.0001056161114546989   10    3    7    2
 -0.0001093630012298572   10    3    7    3
 0.0003079018637649951   10    3    7    4
 5.33926484610226e-05   10    3    7    5
 -0.000362178033533804   10    3    7    6
 0.003694276471258329   10    3    7    7
 7.413630030763894e-06   10    3    8    1
 -0.0001436869426413182   10    3    8    2
 0.0002426412791573191   10    3    8    3
 3.900916164989373e-05   10    3    8    4
 0.0001286853309712602   10    3    8    5
 -0.0001570542891370027   10    3    8    6
 6.010229120211512e-05   10    3    8    7
 0.003859229033211811   10    3    8    8
 -0.0001795432985866405   10    3    9    1
 9.91039003591924e-05   10    3    9    2
 -1.220990186875982e-05   10    3    9    3
 0.0001019503120692339   10    3    9    4
 4.965296288598102e-05   10    3    9    5
 0.0002011496054055026   10    3    9    6
 -0.0001997518258586947   10    3    9    7
 0.0001800000585006464   10    3    9    8
 0.004098735800928577   10    3    9    9
 0.0001630120891442655   10    3   10    1
 -0.0002437229095790564   10    3   10    2
 0.0003778672778169068   10    3   10    3
 0.0005172575840070722   10    4    1    1
 -1.897747256921822e-05   10    4    2    1
 0.000295112981031797   10    4    2    2
 -6.972831923198414e-05   10    4    3    1
 3.910728779199237e-06   10    4    3    2
 0.0002143177030485104   10    4    3    3
 0.0001566683607869448   10    4    4    1
 -0.0003403180661287465   10    4    4    2
 0.0001332440240997219   10    4    4    3
 0.0004212541955744702   10    4    4    4
 -6.427908445205789e-05   10    4    5    1
 0.0001044995601195525   10    4    5    2
 -1.068751848059273e-05   10    4    5    3
 -6.016970314126469e-05   10    4    5    4
 0.0001151646984554354   10    4    5    5
 -6.735148750637454e-05   10    4    6    1
 8.899777382769118e-05   10    4    6    2
 -0.0001533803678213526   10    4    6    3
 0.0001901267881387483   10    4    6    4
 -3.728531141353928e-05   10    4    6    5
 -0.0006134031574740933   10    4    6    6
 2.946646201491748e-05   10    4    7    1
 -0.0001271900988126341   10    4    7    2
 3.5010012068708e-05   10    4    7    3
 -0.0003267596841003496   10    4    7    4
 -0.0002202165405447538   10    4    7    5
 0.0002602944116897714   10    4    7    6
 0.0001921557521151182   10    4    7    7
 3.503174990221178e-05   10    4    8    1
 -2.119479946915732e-05   10    4    8    2
 8.58167207809202e-05   10    4    8    3
 -5.702781773073359e-06   10    4    8    4
 5.663880720243483e-05   10    4    8    5
 0.0001257911038904576   10    4    8    6
 -0.00015794051570754   10    4    8    7
 -0.0004891649813123468   10    4    8    8
 0.0002018741419008956   10    4    9    1
 -5.182639029806766e-05   10    4    9    2
 2.224558681464228e-05   10    4    9    3
 -7.727834923016952e-05   10    4    9    4
 -0.0001052132549328293   10    4    9    5
 -0.0003623931735034088   10    4    9    6
 0.0001229978807015998   10    4    9    7
 0.0004550530893456356   10    4    9    8
 -0.0001956533107469591   10    4    9    9
 -6.888809286763717e-05   10    4   10    1
 -3.065324594455869e-05   10    4   10    2
 -9.819790131124241e-05   10    4   10    3
 0.0002270309116774647   10    4   10    4
 0.0006063282362118033   10    5    1    1
 -2.555563647513189e-05   10    5    2    1
 0.000126296462312132   10    5    2    2
 -0.0002166102095629328   10    5    3    1
 -7.904831897428272e-05   10    5    3    2
 9.365463881478586e-06   10    5    3    3
 6.605324598281296e-05   10    5    4    1
 0.000231946753908352   10    5    4    2
 3.657205623179055e-05   10    5    4    3
 0.0007242799165401984   10    5    4    4
 0.0002744833842176105   10    5    5    1
 -0.0004318246967098676   10    5    5    2
 0.0001703993684778982   10    5    5    3
 0.0001250761013992718   10    5    5    4
 0.0003782139936187537   10    5    5    5
 -6.189426726655173e-05   10    5    6    1
 0.000130735487627204   10    5    6    2
 -0.0002308571892104546   10    5    6    3
 0.0002336757162216123   10    5    6    4
 3.653489523472349e-05   10    5    6    5
 0.0003279465730015068   10    5    6    6
 -9.15927895466728e-07   10    5    7    1
 6.335690832111951e-06   10    5    7    2
 -0.000106610006276389   10    5    7    3
 -0.0001649212305643218   10    5    7    4
 -0.0003962895325993671   10    5    7    5
 0.0001806551682388824   10    5    7    6
 0.0006583520383995367   10    5    7    7
 7.046131240994476e-05   10    5    8    1
 -0.0001319963315419808   10    5    8    2
 0.0002112758653731638   10    5    8    3
 -4.440995123542492e-05   10    5    8    4
 0.0002101190033790585   10    5    8    5
 -1.680925464796341e-05   10    5    8    6
 8.762865220370414e-05   10    5    8    7
 0.000170733597554182   10    5    8    8
 0.0001282786332315542   10    5    9    1
 4.257653334106918e-05   10    5    9    2
 -6.014406676159145e-05   10    5    9    3
 1.162977764380093e-06   10    5    9    4
 -0.0001921577528263626   10    5    9    5
 -0.0002837956933216854   10    5    9    6
 6.41677391866854e-05   10    5    9    7
 0.0001908503091494849   10    5    9    8
 0.0008238098303138378   10    5    9    9
 -1.824418309923613e-05   10    5   10    1
 -0.0002002965797092861   10    5   10    2
 -6.942592542267564e-07   10    5   10    3
 0.0001273860967051273   10    5   10    4
 0.0004175199316887877   10    5   10    5
 -0.00027461174905104   10    6    1    1
 2.508150406936364e-05   10    6    2    1
 -0.0004728793077835748   10    6    2    2
 1.754351502297159e-05   10    6    3    1
 5.361909646952259e-05   10    6    3    2
 -0.0003259816348325308   10    6    3    3
 -6.283535787377942e-05   10    6    4    1
 -2.237192776008205e-05   10    6    4    2
 -5.487588482692666e-05   10    6    4    3
 -0.0002118297546366233   10    6    4    4
 -0.0001267735578808203   10    6    5    1
 -1.10317839195085e-05   10    6    5    2
 3.518879074218083e-05   10    6    5    3
 -0.0001029776991642663   10    6    5    4
 -0.0002895738996382939   10    6    5    5
 0.0002648299338865552   10    6    6    1
 -0.0004016878220603617   10    6    6    2
 7.485508579731158e-05   10    6    6    3
 0.0001117018611682151   10    6    6    4
 7.284309203526108e-06   10    6    6    5
 0.0003039413395052646   10    6    6    6
 2.862033127648933e-05   10    6    7    1
 -0.0002003296440410157   10    6    7    2
 0.0002243371190727106   10    6    7    3
 -0.0003077455066621276   10    6    7    4
 5.509990195747061e-05   10    6    7    5
 0.004646578548522788   10    6    7    6
 -0.005736437321686837   10    6    7    7
 7.953929183630042e-05   10    6    8    1
 1.104362035013883e-05   10    6    8    2
 0.0001824414249549303   10    6    8    3
 -0.0001573343320923645   10    6    8    4
 4.464645124331494e-05   10    6    8    5
 -0.0008061867661970695   10    6    8    6
 0.001064376190260594   10    6    8    7
 0.001772467255951551   10    6    8    8
 -0.0002336685891009442   10    6    9    1
 0.000253378931573195   10    6    9    2
 -0.000372967884405065   10    6    9    3
 0.0002591241670554169   10    6    9    4
 -0.0002762214057343551   10    6    9    5
 -0.002908524001322039   10    6    9    6
 0.002634620443706957   10    6    9    7
 -0.006946710547379587   10    6    9    8
 0.006397924619907808   10    6    9    9
 2.792992285626707e-05   10    6   10    1
 0.0001525735496916582   10    6   10    2
 -0.0004080372431018469   10    6   10    3
 -0.0002360993818246664   10    6   10    4
 0.0005350677217740529   10    6   10    5
 0.0238419459127854   10    6   10    6
 -0.002271456390668413   10    7    1    1
 -4.312296588720093e-05   10    7    2    1
 -0.00197583521602691   10    7    2    2
 -8.645508512738927e-05   10    7    3    1
 0.0002041413441339188   10    7    3    2
 -0.001673490854405514   10    7    3    3
 0.0001189989418586984   10    7    4    1
 -0.0004057524095111262   10    7    4    2
 0.0002654095721198919   10    7    4    3
 -0.002311466069309653   10    7    4    4
 -2.996161626412164e-05   10    7    5    1
 9.780224460203574e-05   10    7    5    2
 -4.363494761524759e-05   10    7    5    3
 -8.400134290430551e-05   10    7    5    4
 -0.002373955829963526   10    7    5    5
 0.0002114783272159465   10    7    6    1
 -0.0002373148110087098   10    7    6    2
 0.0001362472200830372   10    7    6    3
 -0.0001892908643950793   10    7    6    4
 0.0002151520029080993   10    7    6    5
 -0.003996121221131676   10    7    6    6
 0.0001381169630080512   10    7    7    1
 -0.0002638854666580099   10    7    7    2
 -0.0001509757005813907   10    7    7    3
 0.0006197033151282122   10    7    7    4
 0.0004627412060201482   10    7    7    5
 0.003083858270087993   10    7    7    6
 0.003243498294958921   10    7    7    7
 -6.901692075827475e-05   10    7    8    1
 -0.0002022308988050971   10    7    8    2
 0.0005594965467508462   10    7    8    3
 -8.553353527831731e-05   10    7    8    4
 0.0002018193040824179   10    7    8    5
 0.0002632806528084989   10    7    8    6
 -0.00110114962838177   10    7    8    7
 0.01183008951347705   10    7    8    8
 -0.0005173723767013566   10    7    9    1
 6.343339094879896e-05   10    7    9    2
 0.0001939254544092972   10    7    9    3
 0.0003372970383875066   10    7    9    4
 0.0001101683333960126   10    7    9    5
 -0.007016054770522537   10    7    9    6
 0.0007948898293099567   10    7    9    7
 0.004680439990518191   10    7    9    8
 0.005889154813196782   10    7    9    9
 -0.0001530896501857437   10    7   10    1
 -2.55146189047181e-05   10    7   10    2
 -0.0003484777239806548   10    7   10    3
 0.0009199967118308495   10    7   10    4
 0.0004246215516313637   10    7   10    5
 0.001766000660038868   10    7   10    6
 0.0243832698244568   10    7   10    7
 0.0006430751889037711   10    8    1    1
 1.506845126160255e-05   10    8    2    1
 0.000971189240359183   10    8    2    2
 9.148902787966332e-05   10    8    3    1
 -0.0001302149070160526   10    8    3    2
 0.0008548645361843073   10    8    3    3
 -2.704132254650712e-06   10    8    4    1
 1.993642111695346e-05   10    8    4    2
 -6.093502672514463e-05   10    8    4    3
 0.0006406206156584112   10    8    4    4
 4.793976138619928e-05   10    8    5    1
 -3.810198896799928e-05   10    8    5    2
 1.380607244107765e-05   10    8    5    3
 5.199356718435562e-05   10    8    5    4
 0.0008711325400808068   10    8    5    5
 1.191586110791742e-05   10    8    6    1
 -3.341763224805171e-05   10    8    6    2
 0.000145139443435097   10    8    6    3
 -7.857614230099663e-05   10    8    6    4
 -0.0001760465221684599   10    8    6    5
 -0.004074310546440243   10    8    6    6
 1.730469451972027e-05   10    8    7    1
 -4.129081674182874e-05   10    8    7    2
 3.166000978088457e-05   10    8    7    3
 -7.146308850244092e-05   10    8    7    4
 -9.259021143462975e-05   10    8    7    5
 -0.001860830760448898   10    8    7    6
 -0.0009117083382758168   10    8    7    7
 0.0001385823430918019   10    8    8    1
 -0.0002485416025906536   10    8    8    2
 -0.0001105892155162986   10    8    8    3
 -0.0001418531514877749   10    8    8    4
 -0.0002150656748682256   10    8    8    5
 -0.0002123651272066296   10    8    8    6
 -0.003482146712567608   10    8    8    7
 -0.004850522970214788   10    8    8    8
 0.0002150736823468169   10    8    9    1
 -0.000312574046541775   10    8    9    2
 0.0003569565076259936   10    8    9    3
 -4.791512574077317e-05   10    8    9    4
 0.0001442804354746998   10    8    9    5
 -0.001786641507245635   10    8    9    6
 0.0006612792692087356   10    8    9    7
 0.004200676765885577   10    8    9    8
 -0.008870399122579496   10    8    9    9
 -0.00024434958631828   10    8   10    1
 0.0001187766562873472   10    8   10    2
 0.0003523389569490954   10    8   10    3
 0.0002881476507429413   10    8   10    4
 0.0001835249392793971   10    8   10    5
 -0.004480812463787192   10    8   10    6
 0.001191272418706793   10    8   10    7
 0.01655250695737448   10    8   10    8
 0.0005723620150299827   10    9    1    1
 -3.846859830938082e-06   10    9    2    1
 0.000668060386122489   10    9    2    2
 5.108640080585199e-05   10    9    3    1
 -5.452684582702479e-05   10    9    3    2
 0.0008469864931241707   10    9    3    3
 -3.354771833446512e-05   10    9    4    1
 2.066013815426139e-05   10    9    4    2
 -0.0001541038580393642   10    9    4    3
 0.0007137690694460528   10    9    4    4
 1.94028217181059e-05   10    9    5    1
 1.638946390727455e-05   10    9    5    2
 1.263231899736056e-05   10    9    5    3
 3.110381688001779e-05   10    9    5    4
 0.0009341522845069432   10    9    5    5
 -1.63484946100305e-05   10    9    6    1
 -6.534546682922429e-05   10    9    6    2
 -0.0001942265625040053   10    9    6    3
 -0.0002789068958274221   10    9    6    4
 0.0009308854456938349   10    9    6    5
 0.0379822411367305   10    9    6    6
 -0.000287547022695596   10    9    7    1
 0.0002281181289149738   10    9    7    2
 -0.0005304188740980553   10    9    7    3
 0.0008580784707395738   10    9    7    4
 0.0003380629466983974   10    9    7    5
 0.003137511161626055   10    9    7    6
 0.02574510129706355   10    9    7    7
 -7.891325440871483e-05   10    9    8    1
 -0.0004030317182012472   10    9    8    2
 0.00067134688878661   10    9    8    3
 2.00589941819482e-05   10    9    8    4
 0.0005692958194377398   10    9    8    5
 0.006194646507217183   10    9    8    6
 -0.003891859384665813   10    9    8    7
 0.02144474625689231   10    9    8    8
 -0.0003968802489006529   10    9    9    1
 -0.0002940889596392798   10    9    9    2
 0.0003283367610078577   10    9    9    3
 0.000363278196882326   10    9    9    4
 0.0002169797316752058   10    9    9    5
 -0.002736121576592082   10    9    9    6
 -0.001160411009220652   10    9    9    7
 0.001879951705180913   10    9    9    8
 0.03540297850697564   10    9    9    9
 -0.0002928671635023935   10    9   10    1
 -0.0003459220328326934   10    9   10    2
 0.0001757602859267587   10    9   10    3
 0.0004979521971370053   10    9   10    4
 0.0002335955833468292   10    9   10    5
 -0.0009246872998450718   10    9   10    6
 0.0001004680770239781   10    9   10    7
 0.002136541381352173   10    9   10    8
 0.0295967405537604   10    9   10    9
 0.1880397461554518   10   10    1    1
 0.0005695655981916636   10   10    2    1
 0.1905674534822518   10   10    2    2
 0.001819540282290746   10   10    3    1
 -0.001852447851975062   10   10    3    2
 0.1833263004576498   10   10    3    3
 -0.001329755269043707   10   10    4    1
 0.001130788696525129   10   10    4    2
 -0.005017343932456933   10   10    4    3
 0.1818504623856795   10   10    4    4
 -0.0004468028347601704   10   10    5    1
 -0.0007376032654753121   10   10    5    2
 0.004135889415278891   10   10    5    3
 0.004419271246361622   10   10    5    4
 0.1945843112504091   10   10    5    5
 0.0005261542357636474   10   10    6    1
 0.0006713768577797175   10   10    6    2
 -0.005081526083476424   10   10    6    3
 -0.006181220639853823   10   10    6    4
 0.01297971476388043   10   10    6    5
 0.6759739930721795   10   10    6    6
 -0.003783021586477473   10   10    7    1
 0.002193216496167305   10   10    7    2
 -0.004932978117605681   10   10    7    3
 0.01424972788287849   10   10    7    4
 0.005262903072685637   10   10    7    5
 -0.01672466207414199   10   10    7    6
 0.5944811815100538   10   10    7    7
 -0.001787129727984572   10   10    8    1
 -0.00627481992322012   10   10    8    2
 0.01356320040426641   10   10    8    3
 0.004217049502293641   10   10    8    4
 0.008595876961893751   10   10    8    5
 -0.01487193441610644   10   10    8    6
 0.009382421704743349   10   10    8    7
 0.6356777521196799   10   10    8    8
 -0.01069365481756776   10   10    9    1
 0.006072700472013687   10   10    9    2
 -0.0008322197860016472   10   10    9    3
 0.006724583880189246   10   10    9    4
 0.001280312324819101   10   10    9    5
 -0.0003991463649669808   10   10    9    6
 -0.02110822428036588   10   10    9    7
 0.004032448187041311   10   10    9    8
 0.6764023901837138   10   10    9    9
 0.006178607552074466   10   10   10    1
 -0.0112093476452993   10   10   10    2
 0.004624733490045767   10   10   10    3
 -0.0007570836648403145   10   10   10    4
 0.0001170612635763389   10   10   10    5
 0.0004801165126172116   10   10   10    6
 0.005656779176337458   10   10   10    7
 -0.005194568841119955   10   10   10    8
 0.03548213994696581   10   10   10    9
 0.7358490932500784   10   10   10   10
 -3.891850422123414    1    1  0  0
 -0.1408785251184134    2    1  0  0
 -3.889354097940859    2    2  0  0
 0.008991123647854102    3    1  0  0
 -0.04845995523495458    3    2  0  0
 -3.568822975197771    3    3  0  0
 -0.0237723608525349    4    1  0  0
 0.04027640743701038    4    2  0  0
 -0.05626945939370116    4    3  0  0
 -3.578843476497068    4    4  0  0
 -0.0007678927955591238    5    1  0  0
 0.01698337555573907    5    2  0  0
 -0.1045827181666139    5    3  0  0
 -0.0882868221269941    5    4  0  0
 -3.868498846863115    5    5  0  0
 -0.001126493972076544    6    1  0  0
 -0.006339188483039962    6    2  0  0
 0.05068908358619618    6    3  0  0
 0.05129309746998124    6    4  0  0
 -0.1698124799844034    6    5  0  0
 -3.87430047824214    6    6  0  0
 0.04746560756742649    7    1  0  0
 -0.04081504616875355    7    2  0  0
 0.06705299958344961    7    3  0  0
 -0.1495798209095875    7    4  0  0
 -0.03845180996995876    7    5  0  0
 0.0634053729913881    7    6  0  0
 -3.534834223269716    7    7  0  0
 0.005418798905059181    8    1  0  0
 0.05956027371441382    8    2  0  0
 -0.137182838885765    8    3  0  0
 -0.02634361415826503    8    4  0  0
 -0.060793169770632    8    5  0  0
 0.1201286679774247    8    6  0  0
 -0.03754695277950328    8    7  0  0
 -3.613145796637808    8    8  0  0
 0.1139311090055679    9    1  0  0
 -0.05519087559016792    9    2  0  0
 0.01815347182199334    9    3  0  0
 -0.06982875218891098    9    4  0  0
 -0.004267689080553434    9    5  0  0
 0.01329608396870349    9    6  0  0
 0.06424640030034362    9    7  0  0
 -0.02857357548375636    9    8  0  0
 -3.891827245527257    9    9  0  0
 -0.04638886249379892   10    1  0  0
 0.1123424132794018   10    2  0  0
 -0.04361189058868167   10    3  0  0
 0.009825538943149694   10    4  0  0
 -0.003337374865579291   10    5  0  0
 -0.0005074980602986771   10    6  0  0
 -0.007049622909811973   10    7  0  0
 0.01586924016037057   10    8  0  0
 -0.1394186620886192   10    9  0  0
 -3.894524831051154   10   10  0  0
 -95.54974224310712  0  0  0  0
