 &FCI NORB=  10,NELEC=10,MS2=0,
  ORBSYM=1,1,1,1,1,1,1,1,1,1,
  ISYM=1,
 &END
 0.6949679351100985    1    1    1    1
 0.005022103953610427    2    1    1    1
 0.009150128562131652    2    1    2    1
 0.3177317913843942    2    2    1    1
 0.002769060888210991    2    2    2    1
 0.6949700764582555    2    2    2    2
 -0.05364668981838965    3    1    1    1
 0.02062151137423972    3    1    2    1
 0.08766089419427785    3    1    2    2
 0.09369056670421598    3    1    3    1
 0.08713662505075603    3    2    1    1
 0.02165584579124709    3    2    2    1
 -0.05274258412030211    3    2    2    2
 0.005585391051438527    3    2    3    1
 0.09392274921539746    3    2    3    2
 0.519965869700007    3    3    1    1
 0.01708931945423005    3    3    2    1
 0.5204741129979809    3    3    2    2
 0.04759776398704619    3    3    3    1
 0.04784613502407591    3    3    3    2
 0.5791739309192607    3    3    3    3
 5.082419940949286e-05    4    1    1    1
 -1.234658893235654e-05    4    1    2    1
 -8.605171626725131e-05    4    1    2    2
 -4.009196278490222e-05    4    1    3    1
 4.511546480525475e-06    4    1    3    2
 -2.994602874359966e-05    4    1    3    3
 0.06568780338788043    4    1    4    1
 -8.985991165796167e-05    4    2    1    1
 -2.677533285899591e-05    4    2    2    1
 1.507499647766027e-05    4    2    2    2
 -1.467156034621223e-05    4    2    3    1
 -1.449258364434986e-05    4    2    3    2
 -6.927092305885283e-05    4    2    3    3
 0.006245791960998611    4    2    4    1
 0.06495515461133991    4    2    4    2
 -6.105972805200077e-05    4    3    1    1
 -6.222703890655054e-06    4    3    2    1
 -1.561911898633209e-05    4    3    2    2
 -9.750846498017798e-06    4    3    3    1
 -2.728991994707065e-05    4    3    3    2
 -5.112351454129175e-05    4    3    3    3
 0.003919245739865371    4    3    4    1
 0.003979116858059934    4    3    4    2
 0.02132313791698883    4    3    4    3
 0.4801081337771105    4    4    1    1
 0.01055564832267309    4    4    2    1
 0.4784076954538761    4    4    2    2
 0.03132800413826127    4    4    3    1
 0.03221528858072802    4    4    3    2
 0.4882890032681737    4    4    3    3
 5.142874012970437e-07    4    4    4    1
 -5.966879898622375e-05    4    4    4    2
 -4.371722029883068e-05    4    4    4    3
 0.4870160088578377    4    4    4    4
 -7.391622422142503e-05    5    1    1    1
 7.852352087700668e-06    5    1    2    1
 6.073454663542067e-05    5    1    2    2
 8.607843035252912e-05    5    1    3    1
 -1.281962190707937e-05    5    1    3    2
 -3.911141786574509e-06    5    1    3    3
 0.05679683752584849    5    1    4    1
 0.0003111808889368554    5    1    4    2
 -0.004489512786286285    5    1    4    3
 4.093536859858273e-05    5    1    4    4
 0.0653477230659353    5    1    5    1
 4.917929390415288e-05    5    2    1    1
 1.935781604495442e-05    5    2    2    1
 1.282274479756547e-05    5    2    2    2
 1.409676102032039e-05    5    2    3    1
 -4.995856024997505e-05    5    2    3    2
 5.01095964107521e-05    5    2    3    3
 0.0002857046648263377    5    2    4    1
 -0.05724142872760126    5    2    4    2
 0.004344334871417083    5    2    4    3
 2.689407833351444e-05    5    2    4    4
 0.006203856081164893    5    2    5    1
 0.06582072375327862    5    2    5    2
 0.0001883037879589961    5    3    1    1
 4.935206750524841e-06    5    3    2    1
 -0.0001440279864168162    5    3    2    2
 -4.703861946873207e-05    5    3    3    1
 5.917381226842634e-05    5    3    3    2
 2.399084469950363e-05    5    3    3    3
 -0.004494471361782049    5    3    4    1
 0.004349092470476634    5    3    4    2
 -0.0001059947336919804    5    3    4    3
 1.429589482170809e-05    5    3    4    4
 0.003957983132369529    5    3    5    1
 0.00392452476295464    5    3    5    2
 0.02140512046084994    5    3    5    3
 0.1491660867384777    5    4    1    1
 0.0009186496758534187    5    4    2    1
 -0.1512023763247225    5    4    2    2
 -0.04741912561565165    5    4    3    1
 0.04687201272569957    5    4    3    2
 -0.001212917480689859    5    4    3    3
 7.868155449550545e-05    5    4    4    1
 -3.687456870332477e-05    5    4    4    2
 -1.590172386292521e-05    5    4    4    3
 -7.102745238979798e-05    5    4    4    4
 -3.545675031568565e-05    5    4    5    1
 1.925213238662734e-05    5    4    5    2
 0.0001402282153043215    5    4    5    3
 0.1463370361456503    5    4    5    4
 0.4797245851408654    5    5    1    1
 0.01054603899630259    5    5    2    1
 0.4811877437544235    5    5    2    2
 0.03190098043794184    5    5    3    1
 0.03179265097744691    5    5    3    2
 0.4895364476232706    5    5    3    3
 -2.418516542281063e-05    5    5    4    1
 -3.935454382606896e-05    5    5    4    2
 -4.918552517894735e-06    5    5    4    3
 0.4801391694390252    5    5    4    4
 1.157743228457491e-05    5    5    5    1
 2.662036993068359e-05    5    5    5    2
 2.167652127769271e-05    5    5    5    3
 -0.001581361963891246    5    5    5    4
 0.4892190952568631    5    5    5    5
 -3.672588129701376e-05    6    1    1    1
 2.418590768945654e-05    6    1    2    1
 8.586673799930233e-05    6    1    2    2
 5.403288824563184e-05    6    1    3    1
 1.664136074452857e-05    6    1    3    2
 6.920695816420366e-05    6    1    3    3
 -0.0001135480227106747    6    1    4    1
 0.009874416132324558    6    1    4    2
 0.007519625696674543    6    1    4    3
 2.039749466137179e-05    6    1    4    4
 -0.02816593197453826    6    1    5    1
 -0.009098349157413638    6    1    5    2
 -0.001841005784597655    6    1    5    3
 -4.442714203648179e-05    6    1    5    4
 3.653506166449614e-05    6    1    5    5
 0.06604014380908124    6    1    6    1
 7.276592861626675e-05    6    2    1    1
 1.959598482011889e-05    6    2    2    1
 -4.995501554143896e-05    6    2    2    2
 -4.993722343095022e-06    6    2    3    1
 -2.747180180986705e-06    6    2    3    2
 3.321198866390015e-05    6    2    3    3
 0.00996552620243717    6    2    4    1
 -0.0008156924285127846    6    2    4    2
 0.007664640024275611    6    2    4    3
 -1.153307216990264e-05    6    2    4    4
 0.008833259902372442    6    2    5    1
 0.02760868521473541    6    2    5    2
 0.001846189623796075    6    2    5    3
 6.363873712791788e-05    6    2    5    4
 3.622337765163997e-06    6    2    5    5
 -0.003477352662191949    6    2    6    1
 0.06584171848605053    6    2    6    2
 0.0001043659004653992    6    3    1    1
 6.084169565627264e-06    6    3    2    1
 -5.363380914446666e-05    6    3    2    2
 6.773160819197475e-07    6    3    3    1
 5.596804979875272e-05    6    3    3    2
 4.545483678892738e-05    6    3    3    3
 0.007538997171573752    6    3    4    1
 0.007642069938403722    6    3    4    2
 0.002622091248198746    6    3    4    3
 2.28839307708392e-05    6    3    4    4
 0.006193787967654632    6    3    5    1
 -0.006142439046815182    6    3    5    2
 -8.083323062801673e-05    6    3    5    3
 6.521781375255927e-05    6    3    5    4
 9.151553780465137e-06    6    3    5    5
 -0.003464003536872538    6    3    6    1
 -0.003491782343565361    6    3    6    2
 0.01881131188825188    6    3    6    3
 0.001641347079109643    6    4    1    1
 0.004003174206092591    6    4    2    1
 -0.0004875524855042393    6    4    2    2
 0.008435745010932383    6    4    3    1
 0.009196554309274227    6    4    3    2
 0.005838933665127262    6    4    3    3
 -1.112946939751597e-05    6    4    4    1
 -3.07614344715408e-05    6    4    4    2
 -9.408255239887584e-07    6    4    4    3
 0.005003088806142315    6    4    4    4
 -1.357502952433708e-05    6    4    5    1
 2.798708843081036e-05    6    4    5    2
 7.829384966243198e-06    6    4    5    3
 0.0008507485072618544    6    4    5    4
 -0.009245562472434641    6    4    5    5
 2.631361959769381e-05    6    4    6    1
 1.05327398185209e-05    6    4    6    2
 2.610974093862806e-06    6    4    6    3
 0.01976718718585414    6    4    6    4
 -0.07478357828419105    6    5    1    1
 -0.0004677685360654847    6    5    2    1
 0.07220348779676661    6    5    2    2
 0.02304722228212446    6    5    3    1
 -0.0230770593663494    6    5    3    2
 -0.001289650516188869    6    5    3    3
 -2.995849883439655e-05    6    5    4    1
 4.22363684828559e-05    6    5    4    2
 1.617075631093666e-05    6    5    4    3
 -0.001238365934463178    6    5    4    4
 2.541544265945557e-05    6    5    5    1
 -2.692418188358124e-05    6    5    5    2
 -6.65378126510899e-05    6    5    5    3
 -0.06254624171707335    6    5    5    4
 -0.0008994806083335362    6    5    5    5
 2.08281006627148e-05    6    5    6    1
 -4.034336453096915e-05    6    5    6    2
 -2.973381243385157e-05    6    5    6    3
 -0.0004748152258607654    6    5    6    4
 0.04647658786361748    6    5    6    5
 0.4800032147211842    6    6    1    1
 0.006646722858879218    6    6    2    1
 0.478939862948944    6    6    2    2
 0.02302229255797704    6    6    3    1
 0.02337799822058069    6    6    3    2
 0.4833895287761401    6    6    3    3
 -3.252753976141083e-07    6    6    4    1
 -2.4921551194506e-05    6    6    4    2
 -2.912593342564054e-05    6    6    4    3
 0.4522667874886755    6    6    4    4
 9.745404571337444e-06    6    6    5    1
 -4.895160032194563e-06    6    6    5    2
 5.747435515654299e-06    6    6    5    3
 -0.0004921015010870987    6    6    5    4
 0.4592144517464147    6    6    5    5
 2.540765762690955e-05    6    6    6    1
 -3.446612382194009e-05    6    6    6    2
 2.706612864699021e-05    6    6    6    3
 0.0005862220535189142    6    6    6    4
 -0.001462934903326819    6    6    6    5
 0.4830307781816398    6    6    6    6
 -2.752595279280692e-05    7    1    1    1
 -1.247803156057824e-05    7    1    2    1
 1.779663038455182e-05    7    1    2    2
 2.847481380800738e-06    7    1    3    1
 -2.856121390772224e-05    7    1    3    2
 -3.510897714489916e-05    7    1    3    3
 -0.02787104297440134    7    1    4    1
 -0.009057532206661155    7    1    4    2
 -0.001840713688576246    7    1    4    3
 -1.944306635898451e-05    7    1    4    4
 0.000397953617382249    7    1    5    1
 0.009920530465276566    7    1    5    2
 0.007546343948097288    7    1    5    3
 -2.758986643966969e-05    7    1    5    4
 -6.947450326175784e-06    7    1    5    5
 -0.05758969036345921    7    1    6    1
 -0.0002671935917671135    7    1    6    2
 0.004520078015802187    7    1    6    3
 -1.803095988907737e-05    7    1    6    4
 1.871887570034598e-05    7    1    6    5
 -4.573060702052875e-06    7    1    6    6
 0.06650093403806248    7    1    7    1
 -2.798771745993342e-05    7    2    1    1
 1.087132750615863e-05    7    2    2    1
 4.181035604195332e-05    7    2    2    2
 1.045534931160293e-05    7    2    3    1
 -5.554978331784819e-06    7    2    3    2
 8.222773529578635e-07    7    2    3    3
 0.008870197426277031    7    2    4    1
 0.02731481977152789    7    2    4    2
 0.001903001980924948    7    2    4    3
 -1.305154333035365e-06    7    2    4    4
 0.009885974873825381    7    2    5    1
 -0.0006915276839347662    7    2    5    2
 0.007665906310580984    7    2    5    3
 -2.789358973077594e-05    7    2    5    4
 1.425938710336994e-05    7    2    5    5
 -0.000256824015455093    7    2    6    1
 0.05708308983114812    7    2    6    2
 -0.004394613493007627    7    2    6    3
 -5.312947748228527e-06    7    2    6    4
 1.190308016849926e-05    7    2    6    5
 -3.401825715968872e-05    7    2    6    6
 -0.003481968786894912    7    2    7    1
 0.0659562422641477    7    2    7    2
 -1.787265681352533e-05    7    3    1    1
 -5.057591993251036e-06    7    3    2    1
 1.43564613650163e-06    7    3    2    2
 -1.107463730226658e-05    7    3    3    1
 -2.158672262569675e-05    7    3    3    2
 -1.932597826998144e-05    7    3    3    3
 0.006193534939874133    7    3    4    1
 -0.00608548544657787    7    3    4    2
 -7.039247129613679e-05    7    3    4    3
 -4.490179970972046e-06    7    3    4    4
 0.007506888941826284    7    3    5    1
 0.007695344658354025    7    3    5    2
 0.002729088745248668    7    3    5    3
 -1.730824725189839e-05    7    3    5    4
 -8.61718287315098e-06    7    3    5    5
 0.004505557204542991    7    3    6    1
 -0.004380392106779252    7    3    6    2
 -5.137023432425281e-05    7    3    6    3
 -1.113858608904896e-06    7    3    6    4
 -9.871805494312227e-06    7    3    6    5
 -2.26670960640704e-05    7    3    6    6
 -0.003457253674469078    7    3    7    1
 -0.003458656167501487    7    3    7    2
 0.01891178508400942    7    3    7    3
 -0.0737323918600483    7    4    1    1
 -0.0004460657175544473    7    4    2    1
 0.07117677733007925    7    4    2    2
 0.02281491092044029    7    4    3    1
 -0.02277844478105338    7    4    3    2
 -0.001257778511162938    7    4    3    3
 -5.056811839707653e-05    7    4    4    1
 2.249255714115654e-05    7    4    4    2
 5.854045094499897e-06    7    4    4    3
 -0.001591066856219574    7    4    4    4
 2.004389921526683e-06    7    4    5    1
 -2.367145401397123e-05    7    4    5    2
 -6.51326969445294e-05    7    4    5    3
 -0.06160848011532902    7    4    5    4
 -0.0005454767667838628    7    4    5    5
 4.192827312041255e-06    7    4    6    1
 -3.082949564025747e-05    7    4    6    2
 -2.923727143265874e-05    7    4    6    3
 -0.000548362452941317    7    4    6    4
 0.01534410947367993    7    4    6    5
 -0.001457656285237563    7    4    6    6
 2.916117189703826e-05    7    4    7    1
 1.165635473147537e-05    7    4    7    2
 -1.412568800332006e-06    7    4    7    3
 0.04563321482345636    7    4    7    4
 0.003617629485752195    7    5    1    1
 0.004018571861869743    7    5    2    1
 0.0004703667560083967    7    5    2    2
 0.008390821107747285    7    5    3    1
 0.009472531750081678    7    5    3    2
 0.007379937103396165    7    5    3    3
 -1.10481693699436e-05    7    5    4    1
 -2.226158610181777e-05    7    5    4    2
 -9.570154811634977e-06    7    5    4    3
 -0.007861304399292824    7    5    4    4
 -1.697759975782083e-06    7    5    5    1
 1.532771197068922e-05    7    5    5    2
 2.310962848077959e-06    7    5    5    3
 0.00134700560272829    7    5    5    4
 0.006305686209988162    7    5    5    5
 1.660368337240677e-05    7    5    6    1
 2.594638107041565e-06    7    5    6    2
 -1.402770048006098e-05    7    5    6    3
 -0.009412831763095519    7    5    6    4
 -0.000645844961376234    7    5    6    5
 0.01618244140999511    7    5    6    6
 -5.901245362595431e-06    7    5    7    1
 -5.79963210090629e-06    7    5    7    2
 -2.730342109840017e-06    7    5    7    3
 -0.0006341513843775207    7    5    7    4
 0.01982430900823107    7    5    7    5
 -0.1525100099033227    7    6    1    1
 -0.0009396854652052669    7    6    2    1
 0.1501250076966696    7    6    2    2
 0.0475423099563769    7    6    3    1
 -0.04732364504561751    7    6    3    2
 -0.001103477223998702    7    6    3    3
 -6.032882357629629e-05    7    6    4    1
 2.476015607149175e-05    7    6    4    2
 9.088154002375421e-06    7    6    4    3
 -0.001722773648628473    7    6    4    4
 4.708067057078118e-05    7    6    5    1
 -1.303973212140407e-05    7    6    5    2
 -0.0001257871026753139    7    6    5    3
 -0.1111908819443418    7    6    5    4
 -0.0005764025173841178    7    6    5    5
 4.117630213199257e-05    7    6    6    1
 -7.571363348590945e-05    7    6    6    2
 -6.83000638107766e-05    7    6    6    3
 -0.0009532739684603473    7    6    6    4
 0.06306160259841394    7    6    6    5
 -0.001604656678827026    7    6    6    6
 2.896173266029594e-05    7    6    7    1
 1.095399074479869e-05    7    6    7    2
 9.141498539334167e-06    7    6    7    3
 0.0620928687025523    7    6    7    4
 -0.001429428670066732    7    6    7    5
 0.1483351490624304    7    6    7    6
 0.4818069415990564    7    7    1    1
 0.006665250657961253    7    7    2    1
 0.479851202581181    7    7    2    2
 0.02299639788555365    7    7    3    1
 0.02363765778979587    7    7    3    2
 0.4848218370794221    7    7    3    3
 1.40937308341111e-06    7    7    4    1
 -2.615441016523794e-05    7    7    4    2
 -2.763282836187103e-05    7    7    4    3
 0.4592336901787683    7    7    4    4
 3.270433805181042e-06    7    7    5    1
 1.617728244030621e-05    7    7    5    2
 1.433782571510625e-05    7    7    5    3
 -0.0002096226701340977    7    7    5    4
 0.4544124000111373    7    7    5    5
 4.638007592648987e-05    7    7    6    1
 9.348540674403155e-06    7    7    6    2
 2.560889685430256e-05    7    7    6    3
 0.01479591640276192    7    7    6    4
 -0.001753446449910012    7    7    6    5
 0.476413320084754    7    7    6    6
 -2.578848521649071e-05    7    7    7    1
 9.402550534982693e-06    7    7    7    2
 -7.89967101465043e-06    7    7    7    3
 -0.001657364783534371    7    7    7    4
 0.001980789667217722    7    7    7    5
 -0.002045970735027415    7    7    7    6
 0.4856681823206828    7    7    7    7
 0.02030508631554921    8    1    1    1
 0.01489345231805095    8    1    2    1
 -0.003198716496255124    8    1    2    2
 0.05414625391917906    8    1    3    1
 0.01695316970163347    8    1    3    2
 0.01878763443256751    8    1    3    3
 -5.740077885230061e-05    8    1    4    1
 -2.448531627275432e-05    8    1    4    2
 -2.460360589256157e-06    8    1    4    3
 0.0256898031857106    8    1    4    4
 1.527171204779662e-05    8    1    5    1
 1.639087200848692e-05    8    1    5    2
 2.698446932957136e-05    8    1    5    3
 0.02051428383298698    8    1    5    4
 0.02554194802202111    8    1    5    5
 -1.230853960734082e-06    8    1    6    1
 9.303474755056359e-06    8    1    6    2
 9.779254545143211e-06    8    1    6    3
 0.005952369772557585    8    1    6    4
 -0.01017637727262828    8    1    6    5
 0.020160467466873    8    1    6    6
 3.934505647374819e-05    8    1    7    1
 -8.920865266741862e-06    8    1    7    2
 -1.525436524133857e-05    8    1    7    3
 -0.009937113528175027    8    1    7    4
 0.006121598683284059    8    1    7    5
 -0.02089742728273366    8    1    7    6
 0.0203176298851555    8    1    7    7
 0.06258314624825106    8    1    8    1
 0.003649512832832093    8    2    1    1
 -0.01461788970782225    8    2    2    1
 -0.02069838540078936    8    2    2    2
 -0.01623863509810294    8    2    3    1
 -0.05412945742848368    8    2    3    2
 -0.01861012119996881    8    2    3    3
 1.287299730250727e-05    8    2    4    1
 4.077735193281046e-05    8    2    4    2
 -1.200545903816407e-05    8    2    4    3
 -0.02533058953793489    8    2    4    4
 -9.556624064792345e-06    8    2    5    1
 -8.528037998678868e-06    8    2    5    2
 3.168214670548027e-05    8    2    5    3
 0.02096550022797203    8    2    5    4
 -0.02561534179206234    8    2    5    5
 -1.554738937626595e-05    8    2    6    1
 -1.554827967681536e-05    8    2    6    2
 9.736504169387158e-06    8    2    6    3
 -0.005618482880087358    8    2    6    4
 -0.01014602074213315    8    2    6    5
 -0.01963260997872088    8    2    6    6
 1.981293736039973e-06    8    2    7    1
 -3.146669906426125e-05    8    2    7    2
 8.010261170624127e-06    8    2    7    3
 -0.009949360904047865    8    2    7    4
 -0.005646603087078384    8    2    7    5
 -0.02106527676217573    8    2    7    6
 -0.01967123614379478    8    2    7    7
 3.451581456062362e-05    8    2    8    1
 0.06260947139269905    8    2    8    2
 0.1660153842943109    8    3    1    1
 0.001075554894220709    8    3    2    1
 -0.165935409022224    8    3    2    2
 -0.0536468731955751    8    3    3    1
 0.0534437230120399    8    3    3    2
 -5.88117534935209e-05    8    3    3    3
 6.904407173437727e-05    8    3    4    1
 -7.30091282112494e-05    8    3    4    2
 -2.382131169227783e-05    8    3    4    3
 0.0007698434651563606    8    3    4    4
 -2.195129608013464e-05    8    3    5    1
 6.270816491484481e-05    8    3    5    2
 0.0001686283833833718    8    3    5    3
 0.1289980417546931    8    3    5    4
 -0.0005853899340426226    8    3    5    5
 -5.982341725189407e-05    8    3    6    1
 7.635112580839064e-05    8    3    6    2
 7.051677770743313e-05    8    3    6    3
 0.000940835650980812    8    3    6    4
 -0.0631463259223813    8    3    6    5
 0.0007264831282898836    8    3    6    6
 -1.521324834126916e-05    8    3    7    1
 -1.622021687159431e-05    8    3    7    2
 -2.449893544411302e-06    8    3    7    3
 -0.0621247921769534    8    3    7    4
 0.001378229095604108    8    3    7    5
 -0.130118259307004    8    3    7    6
 0.00110532188224875    8    3    7    7
 0.02393550060832399    8    3    8    1
 0.02414880914392183    8    3    8    2
 0.1814311198553235    8    3    8    3
 -0.0001459005265855122    8    4    1    1
 1.43701078658788e-06    8    4    2    1
 0.0001346391359655532    8    4    2    2
 5.749474019217649e-05    8    4    3    1
 -6.79402856131005e-05    8    4    3    2
 -6.262861243352241e-06    8    4    3    3
 0.01383319803438392    8    4    4    1
 -0.01350569616498834    8    4    4    2
 9.532715992844178e-05    8    4    4    3
 2.26391725476602e-06    8    4    4    4
 0.01618418441103902    8    4    5    1
 0.01642603576937023    8    4    5    2
 0.01386494413585492    8    4    5    3
 -0.0001090637575011211    8    4    5    4
 2.947245529596176e-06    8    4    5    5
 -0.0001157524717502719    8    4    6    1
 0.0003956022032674988    8    4    6    2
 0.0001172195266821485    8    4    6    3
 2.5710281781652e-06    8    4    6    4
 4.863391349667232e-05    8    4    6    5
 -4.412439540051651e-06    8    4    6    6
 -0.005013313693719468    8    4    7    1
 -0.004874714458556147    8    4    7    2
 -0.002604620581728906    8    4    7    3
 4.794416044477149e-05    8    4    7    4
 7.071792513348706e-06    8    4    7    5
 0.0001060806526193051    8    4    7    6
 -1.178670617122987e-05    8    4    7    7
 -2.027783334075196e-05    8    4    8    1
 -2.996324201702586e-08    8    4    8    2
 -0.0001179010363143876    8    4    8    3
 0.02550929254033693    8    4    8    4
 7.604688380862029e-05    8    5    1    1
 1.888779013334523e-06    8    5    2    1
 -1.258822934826224e-06    8    5    2    2
 5.399209540057031e-06    8    5    3    1
 5.193999518484758e-05    8    5    3    2
 7.449170579213122e-05    8    5    3    3
 0.01619546560800372    8    5    4    1
 0.01643744230927775    8    5    4    2
 0.01387304185371267    8    5    4    3
 2.197774838807093e-05    8    5    4    4
 0.01374055641727551    8    5    5    1
 -0.01375727783693798    8    5    5    2
 -5.057539323626337e-05    8    5    5    3
 3.389471592470041e-05    8    5    5    4
 4.635057790046578e-05    8    5    5    5
 -0.005101336591070442    8    5    6    1
 -0.00496387262917436    8    5    6    2
 -0.002703887799387196    8    5    6    3
 -3.550476385203877e-07    8    5    6    4
 -9.972806862357205e-06    8    5    6    5
 4.641671563053116e-05    8    5    6    6
 1.436704078210261e-05    8    5    7    1
 0.0003352402764379978    8    5    7    2
 0.0001359587310127847    8    5    7    3
 -8.760729606788747e-06    8    5    7    4
 -1.028196152478398e-06    8    5    7    5
 -3.371562269302128e-05    8    5    7    6
 4.08421402224723e-05    8    5    7    7
 1.103765150358832e-05    8    5    8    1
 -1.804855811273769e-05    8    5    8    2
 3.005147606316968e-05    8    5    8    3
 -0.000147147567440729    8    5    8    4
 0.02569140554512482    8    5    8    5
 1.44599799930085e-05    8    6    1    1
 1.632704801633437e-06    8    6    2    1
 -3.718007711736271e-05    8    6    2    2
 -1.613436841542785e-05    8    6    3    1
 3.671677317574031e-05    8    6    3    2
 1.463218435181068e-05    8    6    3    3
 -0.0001548123933319567    8    6    4    1
 0.0003565965121578261    8    6    4    2
 8.673032170846993e-05    8    6    4    3
 -5.02666764148947e-06    8    6    4    4
 -0.01096939572177576    8    6    5    1
 -0.01087974650178817    8    6    5    2
 -0.01087128644296769    8    6    5    3
 2.164495398270694e-05    8    6    5    4
 -1.150045698742332e-05    8    6    5    5
 0.01404793916558653    8    6    6    1
 -0.01389126766488486    8    6    6    2
 6.986774340310462e-05    8    6    6    3
 4.176022217048783e-06    8    6    6    4
 -5.067293921856923e-06    8    6    6    5
 1.983339265533433e-06    8    6    6    6
 -0.01642369966648314    8    6    7    1
 -0.01638000572490927    8    6    7    2
 -0.01398107168811397    8    6    7    3
 2.946466670861838e-06    8    6    7    4
 -3.433523819481505e-06    8    6    7    5
 -1.346700053398821e-05    8    6    7    6
 -1.727106220997851e-05    8    6    7    7
 -2.001104921094715e-05    8    6    8    1
 -9.399198044380997e-06    8    6    8    2
 6.539302502469168e-06    8    6    8    3
 -0.0005637351354609841    8    6    8    4
 -0.0001967147050848421    8    6    8    5
 0.02617776698303784    8    6    8    6
 0.0001095980536561894    8    7    1    1
 -5.601305738039734e-06    8    7    2    1
 -8.334313583050165e-05    8    7    2    2
 -3.461404819488354e-05    8    7    3    1
 2.202165878051756e-05    8    7    3    2
 9.309208973607769e-07    8    7    3    3
 -0.01087945067416997    8    7    4    1
 -0.01078865808914481    8    7    4    2
 -0.01077105287142449    8    7    4    3
 2.701491924852358e-05    8    7    4    4
 1.649889445634523e-05    8    7    5    1
 0.0003382875450605211    8    7    5    2
 0.000162329624470408    8    7    5    3
 6.708756607876966e-05    8    7    5    4
 9.321207627748683e-06    8    7    5    5
 -0.0164358465396079    8    7    6    1
 -0.01639215899423365    8    7    6    2
 -0.01397521016403312    8    7    6    3
 6.762604143350275e-06    8    7    6    4
 -3.807697730625583e-05    8    7    6    5
 1.43607326080935e-05    8    7    6    6
 0.01418420619752476    8    7    7    1
 -0.01392829111262073    8    7    7    2
 0.0001110064723413699    8    7    7    3
 -3.325324370683001e-05    8    7    7    4
 2.299940848196195e-06    8    7    7    5
 -7.510807038779429e-05    8    7    7    6
 8.174433104455005e-06    8    7    7    7
 3.15092775024894e-05    8    7    8    1
 2.010704051620287e-05    8    7    8    2
 9.404569433371171e-05    8    7    8    3
 -0.0001973488163731507    8    7    8    4
 -0.0003428508542112038    8    7    8    5
 -0.0001857383763312441    8    7    8    6
 0.0263805205141162    8    7    8    7
 0.5413574144704504    8    8    1    1
 0.01817221385221211    8    8    2    1
 0.5416690155407116    8    8    2    2
 0.05306293634277692    8    8    3    1
 0.05346437233067598    8    8    3    2
 0.5951573844675309    8    8    3    3
 -4.337552320915016e-05    8    8    4    1
 -4.753939939395911e-05    8    8    4    2
 -7.563892033989889e-05    8    8    4    3
 0.513961860770161    8    8    4    4
 2.114885183569574e-05    8    8    5    1
 1.672568293226501e-05    8    8    5    2
 3.425117520043166e-05    8    8    5    3
 -0.001343436302863546    8    8    5    4
 0.5154511094654615    8    8    5    5
 2.194172427837132e-05    8    8    6    1
 5.970549727529142e-06    8    8    6    2
 4.197305589752652e-05    8    8    6    3
 0.005775828919801716    8    8    6    4
 -0.001587651264013831    8    8    6    5
 0.5092832374526656    8    8    6    6
 1.483298050951223e-05    8    8    7    1
 1.10155316699419e-05    8    8    7    2
 -2.491671850344085e-06    8    8    7    3
 -0.00155353917217327    8    8    7    4
 0.007614223868081157    8    8    7    5
 -0.001422474854870473    8    8    7    6
 0.5109921135538203    8    8    7    7
 0.02961445887613493    8    8    8    1
 -0.02939692291861591    8    8    8    2
 4.158576968850193e-05    8    8    8    3
 -2.186624419830024e-05    8    8    8    4
 7.958389523736326e-05    8    8    8    5
 -1.917451748710171e-05    8    8    8    6
 3.01199266794297e-05    8    8    8    7
 0.6368058977277999    8    8    8    8
 0.06929347251895258    9    1    1    1
 -0.002187246946402722    9    1    2    1
 0.02612060593811749    9    1    2    2
 -0.01305528797346105    9    1    3    1
 0.006278448323843581    9    1    3    2
 0.04522995242972166    9    1    3    3
 1.193203739552084e-05    9    1    4    1
 -8.054279324760832e-06    9    1    4    2
 -9.167538691386895e-06    9    1    4    3
 0.04092889883678275    9    1    4    4
 -5.843638274627021e-06    9    1    5    1
 4.577171708136545e-06    9    1    5    2
 2.057644216837049e-05    9    1    5    3
 0.01573881945202653    9    1    5    4
 0.04103918096580553    9    1    5    5
 -1.834361375857855e-05    9    1    6    1
 5.018938332130136e-06    9    1    6    2
 9.011738564607996e-06    9    1    6    3
 -0.0005162894748405381    9    1    6    4
 -0.008125537124619345    9    1    6    5
 0.04187863016776427    9    1    6    6
 7.86238543014512e-06    9    1    7    1
 -3.362612447168905e-06    9    1    7    2
 -1.23406436168597e-06    9    1    7    3
 -0.007920330210038011    9    1    7    4
 -0.0001262335933992143    9    1    7    5
 -0.01647482161722945    9    1    7    6
 0.04223368223541359    9    1    7    7
 -0.004984673991162883    9    1    8    1
 0.001945024499246872    9    1    8    2
 0.01631340692666979    9    1    8    3
 -1.457683114005928e-05    9    1    8    4
 1.26178539061586e-05    9    1    8    5
 -9.179744724522633e-06    9    1    8    6
 2.066317449602531e-05    9    1    8    7
 0.05059851794856735    9    1    8    8
 0.02664642330988854    9    1    9    1
 -0.02570145567907322    9    2    1    1
 0.002448216488882123    9    2    2    1
 -0.06900556598669134    9    2    2    2
 -0.006417040970670231    9    2    3    1
 0.01306709268049708    9    2    3    2
 -0.04492540780439824    9    2    3    3
 4.347653755331253e-06    9    2    4    1
 -1.954763331139318e-05    9    2    4    2
 -9.708925229642039e-07    9    2    4    3
 -0.04052873592198229    9    2    4    4
 -5.756615996164754e-06    9    2    5    1
 8.21005223054107e-06    9    2    5    2
 1.553918613569344e-05    9    2    5    3
 0.01627294170938117    9    2    5    4
 -0.0409693750745078    9    2    5    5
 -7.84400743485557e-06    9    2    6    1
 2.959316723515163e-06    9    2    6    2
 3.243206447367738e-06    9    2    6    3
 0.0007373617786758899    9    2    6    4
 -0.007572049260852974    9    2    6    5
 -0.04116210602737928    9    2    6    6
 -1.652030714256816e-06    9    2    7    1
 -1.392176090238071e-05    9    2    7    2
 9.522024711750244e-07    9    2    7    3
 -0.00736571721128545    9    2    7    4
 0.0004579269576881128    9    2    7    5
 -0.01599786118703242    9    2    7    6
 -0.04142672992435744    9    2    7    7
 0.001934561159992966    9    2    8    1
 -0.004965137124616052    9    2    8    2
 0.01637842560634273    9    2    8    3
 -5.654188765925784e-06    9    2    8    4
 -8.923440536147774e-06    9    2    8    5
 4.901961536829917e-06    9    2    8    6
 1.143548797046535e-05    9    2    8    7
 -0.05022765239898776    9    2    8    8
 -0.008278776471624148    9    2    9    1
 0.0264983693496774    9    2    9    2
 -0.04013949459470994    9    3    1    1
 -0.0002550651107069916    9    3    2    1
 0.04020598188414957    9    3    2    2
 0.01195115675154961    9    3    3    1
 -0.01188673685194382    9    3    3    2
 5.845544493082216e-05    9    3    3    3
 -1.467966772326619e-05    9    3    4    1
 -3.014192009719158e-06    9    3    4    2
 -3.330456402689066e-07    9    3    4    3
 -2.548643620774537e-05    9    3    4    4
 1.258645110939563e-05    9    3    5    1
 6.761077613997028e-06    9    3    5    2
 -3.345157136065924e-05    9    3    5    3
 -0.03022752705620648    9    3    5    4
 0.000286719513668335    9    3    5    5
 4.964991711476546e-06    9    3    6    1
 -1.131970317906648e-05    9    3    6    2
 -1.999524881967513e-05    9    3    6    3
 -0.0002066856484389819    9    3    6    4
 0.01483026838868798    9    3    6    5
 -0.0004617518519669107    9    3    6    6
 7.10503176394517e-06    9    3    7    1
 6.88063511686141e-06    9    3    7    2
 6.066694537339212e-06    9    3    7    3
 0.01437276494112062    9    3    7    4
 -0.0003084889781532936    9    3    7    5
 0.0307371859601894    9    3    7    6
 -0.0005422848174623867    9    3    7    7
 -0.006630651532332271    9    3    8    1
 -0.006707231791519197    9    3    8    2
 -0.04693646801788651    9    3    8    3
 3.562356253808933e-05    9    3    8    4
 -1.245306101893021e-05    9    3    8    5
 -3.010203843832806e-06    9    3    8    6
 -2.068497911862547e-05    9    3    8    7
 4.270201055346963e-05    9    3    8    8
 -0.0160265251841622    9    3    9    1
 -0.01612856524723565    9    3    9    2
 0.03799330839903236    9    3    9    3
 1.305551373969014e-05    9    4    1    1
 -2.10915451600974e-06    9    4    2    1
 -9.229738555077871e-05    9    4    2    2
 -2.040526300894709e-05    9    4    3    1
 -6.288935911753719e-07    9    4    3    2
 -4.361932128240312e-05    9    4    3    3
 0.005911657483504228    9    4    4    1
 -0.005887011096553391    9    4    4    2
 3.954460292252482e-05    9    4    4    3
 -3.621479728386869e-05    9    4    4    4
 0.004863907201583912    9    4    5    1
 0.005078255718864874    9    4    5    2
 -0.002065851874153099    9    4    5    3
 4.678504682342725e-05    9    4    5    4
 -3.88841349388186e-05    9    4    5    5
 -3.172034297276834e-05    9    4    6    1
 0.0001650571416500591    9    4    6    2
 -3.51008913097972e-05    9    4    6    3
 -1.614962332191402e-06    9    4    6    4
 -2.299261620163004e-05    9    4    6    5
 -3.487688875534857e-05    9    4    6    6
 -0.002553637394907947    9    4    7    1
 -0.00236917947205323    9    4    7    2
 0.001570644309847262    9    4    7    3
 -2.271156777406372e-05    9    4    7    4
 2.53528921797524e-06    9    4    7    5
 -4.014081221315294e-05    9    4    7    6
 -3.688867731116861e-05    9    4    7    7
 2.033419348043112e-06    9    4    8    1
 1.93434747456838e-05    9    4    8    2
 5.940222903403505e-05    9    4    8    3
 0.000835202363040947    9    4    8    4
 1.84820305810104e-05    9    4    8    5
 3.193857500841454e-05    9    4    8    6
 2.003965937797625e-05    9    4    8    7
 -5.341598434710063e-05    9    4    8    8
 7.190668406446558e-06    9    4    9    1
 3.186378905675813e-05    9    4    9    2
 -3.757322874754028e-05    9    4    9    3
 0.006951946297335559    9    4    9    4
 7.924163601857028e-06    9    5    1    1
 1.908259620076203e-07    9    5    2    1
 5.226871274827228e-05    9    5    2    2
 1.301852900645081e-05    9    5    3    1
 7.176960253144099e-06    9    5    3    2
 2.857349468002323e-05    9    5    3    3
 0.004887573708839972    9    5    4    1
 0.00509956929507395    9    5    4    2
 -0.002083119547451971    9    5    4    3
 3.634599618149429e-05    9    5    4    4
 0.005971123408199054    9    5    5    1
 -0.006046555949816205    9    5    5    2
 5.910306782107434e-05    9    5    5    3
 -1.880938574629393e-05    9    5    5    4
 3.202415627090154e-05    9    5    5    5
 -0.002665683652361148    9    5    6    1
 -0.002483447700720499    9    5    6    2
 0.001674517994917318    9    5    6    3
 -5.358877629876426e-06    9    5    6    4
 8.490330397827634e-06    9    5    6    5
 3.251030302995589e-05    9    5    6    6
 9.650025514908075e-05    9    5    7    1
 7.024347913964598e-05    9    5    7    2
 -4.533761805607232e-05    9    5    7    3
 9.827824498253006e-06    9    5    7    4
 -7.598621850218286e-07    9    5    7    5
 1.574444005096434e-05    9    5    7    6
 2.882311678994643e-05    9    5    7    7
 -5.171274035783864e-07    9    5    8    1
 -1.188073041227934e-05    9    5    8    2
 -2.584061501432415e-05    9    5    8    3
 1.861054454475367e-05    9    5    8    4
 0.0008165769912484122    9    5    8    5
 2.01363171027606e-05    9    5    8    6
 7.031809900432589e-06    9    5    8    7
 3.956321522874619e-05    9    5    8    8
 3.651543400186499e-07    9    5    9    1
 -1.989407932443717e-05    9    5    9    2
 1.901403376827044e-05    9    5    9    3
 -6.455862095782082e-06    9    5    9    4
 0.006978486364445142    9    5    9    5
 -7.374764903176638e-05    9    6    1    1
 -3.727214996243416e-06    9    6    2    1
 -5.952942878903473e-06    9    6    2    2
 -1.87630907996863e-06    9    6    3    1
 -1.52178308440027e-05    9    6    3    2
 -4.341593986074529e-05    9    6    3    3
 -7.768204704666078e-05    9    6    4    1
 7.441491671518547e-05    9    6    4    2
 1.646806037078343e-05    9    6    4    3
 -3.688836346320906e-05    9    6    4    4
 -0.002458006313284385    9    6    5    1
 -0.002198058977023389    9    6    5    2
 0.0003839404273264581    9    6    5    3
 -2.816624213744218e-05    9    6    5    4
 -3.617754934099442e-05    9    6    5    5
 0.006221281918946707    9    6    6    1
 -0.005889551210245323    9    6    6    2
 -0.0001429171061563302    9    6    6    3
 -1.47308557233755e-06    9    6    6    4
 1.569376514568285e-05    9    6    6    5
 -3.727520662980936e-05    9    6    6    6
 -0.005175053557040578    9    6    7    1
 -0.004983675471918418    9    6    7    2
 0.002166302681704293    9    6    7    3
 9.263845859549481e-06    9    6    7    4
 -1.534509701494632e-06    9    6    7    5
 2.991281517541901e-05    9    6    7    6
 -4.022015377299957e-05    9    6    7    7
 -2.060760712604628e-05    9    6    8    1
 4.303310103549998e-07    9    6    8    2
 -3.708064804259337e-05    9    6    8    3
 3.4019919700023e-05    9    6    8    4
 1.726661606223903e-05    9    6    8    5
 0.000790565940100342    9    6    8    6
 1.611342338421207e-05    9    6    8    7
 -5.047609035410178e-05    9    6    8    8
 -2.578411279815081e-05    9    6    9    1
 -2.147862477365906e-06    9    6    9    2
 2.640728856716228e-05    9    6    9    3
 -0.001428995676331868    9    6    9    4
 -3.050804441277806e-05    9    6    9    5
 0.008367026190482432    9    6    9    6
 4.464801202173528e-05    9    7    1    1
 -9.415613356666031e-07    9    7    2    1
 -1.653991218609859e-05    9    7    2    2
 -5.789038414518122e-06    9    7    3    1
 1.131973727538247e-05    9    7    3    2
 1.617728194354073e-05    9    7    3    3
 -0.002338273623287738    9    7    4    1
 -0.002081511188626449    9    7    4    2
 0.0002761796365296139    9    7    4    3
 1.059187832976252e-05    9    7    4    4
 9.573680268830803e-05    9    7    5    1
 -6.355827766079401e-05    9    7    5    2
 1.315828971698142e-05    9    7    5    3
 2.269544403908157e-05    9    7    5    4
 1.246661865935317e-05    9    7    5    5
 -0.00524021644430441    9    7    6    1
 -0.005052109626557479    9    7    6    2
 0.002221437478463713    9    7    6    3
 -3.122584071235445e-06    9    7    6    4
 -1.024463169601877e-05    9    7    6    5
 1.87252715526052e-05    9    7    6    6
 0.006357471472596458    9    7    7    1
 -0.006001179774726043    9    7    7    2
 -0.0001456373701415285    9    7    7    3
 -1.199653063693296e-05    9    7    7    4
 1.594097886672407e-06    9    7    7    5
 -2.645242576968533e-05    9    7    7    6
 1.141607686002851e-05    9    7    7    7
 1.283731277151564e-05    9    7    8    1
 6.235368538695746e-06    9    7    8    2
 2.463831554964926e-05    9    7    8    3
 1.739315047054289e-05    9    7    8    4
 1.322023840391139e-05    9    7    8    5
 1.626469697280412e-05    9    7    8    6
 0.0007690770055901495    9    7    8    7
 2.096689202372776e-05    9    7    8    8
 1.034130353009953e-05    9    7    9    1
 -3.922769427277916e-09    9    7    9    2
 -6.999344593042051e-06    9    7    9    3
 -3.565007387029015e-05    9    7    9    4
 -0.001400288178797858    9    7    9    5
 -3.899413217603339e-05    9    7    9    6
 0.008392706732681179    9    7    9    7
 -0.06877268113194067    9    8    1    1
 -0.001259284544257382    9    8    2    1
 -0.06881664341780282    9    8    2    2
 -0.006586780142322934    9    8    3    1
 -0.006641045840872795    9    8    3    2
 -0.08099247349086068    9    8    3    3
 2.031948675942061e-06    9    8    4    1
 2.156126003908058e-05    9    8    4    2
 1.892233021323338e-05    9    8    4    3
 -0.05928065323450678    9    8    4    4
 3.587255823707841e-06    9    8    5    1
 -1.663015063626729e-05    9    8    5    2
 -7.949218874732721e-06    9    8    5    3
 0.0003714606564827712    9    8    5    4
 -0.05969799369422409    9    8    5    5
 -2.338416156606957e-05    9    8    6    1
 -1.29662896457386e-06    9    8    6    2
 -8.572940753360719e-06    9    8    6    3
 -0.0003075317081606934    9    8    6    4
 0.0004419731035117622    9    8    6    5
 -0.0592523783060278    9    8    6    6
 1.711480353626169e-05    9    8    7    1
 4.778030219169946e-06    9    8    7    2
 1.140128123706696e-06    9    8    7    3
 0.0004374501743452157    9    8    7    4
 -0.0008192539063298902    9    8    7    5
 0.0004007508108140125    9    8    7    6
 -0.05972789384425663    9    8    7    7
 -0.001029789101921286    9    8    8    1
 0.001028702312366818    9    8    8    2
 5.357473594912262e-06    9    8    8    3
 -4.340423921486634e-06    9    8    8    4
 -1.182435903749904e-05    9    8    8    5
 -3.067687957207455e-06    9    8    8    6
 -2.452190644433261e-06    9    8    8    7
 -0.09328350320507101    9    8    8    8
 -0.02232055109680969    9    8    9    1
 0.02216408978807826    9    8    9    2
 -2.059110628072323e-05    9    8    9    3
 1.666081933113585e-05    9    8    9    4
 -1.358801392641688e-05    9    8    9    5
 1.465659320985932e-05    9    8    9    6
 -6.17863030117064e-06    9    8    9    7
 0.03760416933783692    9    8    9    8
 0.3643190476971243    9    9    1    1
 -0.009715372780749123    9    9    2    1
 0.364155242662246    9    9    2    2
 -0.01928306055529947    9    9    3    1
 -0.01941072437407522    9    9    3    2
 0.3707164283150329    9    9    3    3
 1.394691744496859e-05    9    9    4    1
 3.218639258843364e-05    9    9    4    2
 -3.808930524622681e-05    9    9    4    3
 0.3348150080662428    9    9    4    4
 -4.585820119502927e-06    9    9    5    1
 -2.122024681072784e-05    9    9    5    2
 2.134168046347033e-05    9    9    5    3
 -0.0004499640786507415    9    9    5    4
 0.3354044837546312    9    9    5    5
 -2.217400734232408e-05    9    9    6    1
 -1.168114842221456e-05    9    9    6    2
 2.408113327828505e-05    9    9    6    3
 -0.005386212410023503    9    9    6    4
 -0.0006347223355521422    9    9    6    5
 0.3404637427274013    9    9    6    6
 8.286110739783578e-06    9    9    7    1
 -2.217675563868174e-06    9    9    7    2
 -1.761445923273573e-07    9    9    7    3
 -0.0006500570219221612    9    9    7    4
 -0.004680868398461675    9    9    7    5
 -0.0006193797984330648    9    9    7    6
 0.341110176564916    9    9    7    7
 -0.0214507023659364    9    9    8    1
 0.02130634674155743    9    9    8    2
 -1.461240254389291e-05    9    9    8    3
 4.429105806173192e-06    9    9    8    4
 1.183319283170259e-05    9    9    8    5
 9.052268128921259e-08    9    9    8    6
 6.119146925003206e-06    9    9    8    7
 0.3759747676398739    9    9    8    8
 0.01584514490265278    9    9    9    1
 -0.01573540101432614    9    9    9    2
 7.008354439832079e-06    9    9    9    3
 -9.906395485133389e-06    9    9    9    4
 1.082317568849441e-05    9    9    9    5
 -6.938173280818162e-06    9    9    9    6
 6.503666628110285e-06    9    9    9    7
 -0.02272641722005269    9    9    9    8
 0.357017100065349    9    9    9    9
 1.608378227647218e-05   10    1    1    1
 1.264103291066994e-05   10    1    2    1
 1.115234028214713e-07   10    1    2    2
 2.861414014943059e-05   10    1    3    1
 7.502546547518522e-06   10    1    3    2
 1.832830787763051e-05   10    1    3    3
 -0.001662693242396339   10    1    4    1
 -0.0016248939850191   10    1    4    2
 0.001289581204679539   10    1    4    3
 1.492798667032428e-05   10    1    4    4
 -0.009717084797279806   10    1    5    1
 0.001929475116295463   10    1    5    2
 -0.0009633463276160906   10    1    5    3
 1.181131440627852e-05   10    1    5    4
 1.743043505002376e-05   10    1    5    5
 0.02072710973766763   10    1    6    1
 0.0005918391655021825   10    1    6    2
 -0.001566693782613646   10    1    6    3
 1.196284979550327e-05   10    1    6    4
 -1.001762745926555e-05   10    1    6    5
 1.330117742871054e-05   10    1    6    6
 -0.01801931583599822   10    1    7    1
 0.0001861813238716424   10    1    7    2
 0.0006678839014594421   10    1    7    3
 -1.031564548094551e-05   10    1    7    4
 7.066918263743482e-06   10    1    7    5
 -1.691998848167168e-05   10    1    7    6
 1.926635789507222e-05   10    1    7    7
 1.949243954698589e-05   10    1    8    1
 1.111438521146845e-06   10    1    8    2
 1.218860693331063e-05   10    1    8    3
 -8.671768709556471e-05   10    1    8    4
 -0.003180810415394618   10    1    8    5
 0.005740996054896438   10    1    8    6
 -0.005191455123646992   10    1    8    7
 5.750788261259153e-06   10    1    8    8
 -5.907778509899982e-06   10    1    9    1
 1.989433930933364e-06   10    1    9    2
 -9.207579039176218e-06   10    1    9    3
 -0.0002112510612361941   10    1    9    4
 -0.00288543581139597   10    1    9    5
 0.005825568166167788   10    1    9    6
 -0.0051851880170803   10    1    9    7
 -9.307721449930428e-06   10    1    9    8
 -1.960635979590554e-05   10    1    9    9
 0.0193064027637389   10    1   10    1
 5.874549473643681e-07   10    2    1    1
 -1.220032171660126e-05   10    2    2    1
 -4.659257507740071e-05   10    2    2    2
 -1.580319592988327e-05   10    2    3    1
 3.521248004263696e-08   10    2    3    2
 -3.082827243273645e-05   10    2    3    3
 -0.0002110230701217235   10    2    4    1
 0.01956221353340422   10    2    4    2
 -0.000914469572583236   10    2    4    3
 -2.988303374287821e-05   10    2    4    4
 0.001116513730329112   10    2    5    1
 -0.02179892397206606   10    2    5    2
 0.0002919711862083465   10    2    5    3
 2.300043308807762e-05   10    2    5    4
 -2.737921534589118e-05   10    2    5    5
 -0.001265093883853783   10    2    6    1
 -0.01052790006055757   10    2    6    2
 0.001940213157844176   10    2    6    3
 -1.205432965277606e-05   10    2    6    4
 -3.052438800044924e-06   10    2    6    5
 -1.428348936994444e-05   10    2    6    6
 0.001254912813750182   10    2    7    1
 -0.0001819683575505027   10    2    7    2
 -0.001331520954463612   10    2    7    3
 -7.044502457377802e-06   10    2    7    4
 -6.958806422441446e-06   10    2    7    5
 -2.366516400640482e-05   10    2    7    6
 -2.333921883142348e-05   10    2    7    7
 1.816068850323644e-06   10    2    8    1
 2.826737834058243e-05   10    2    8    2
 1.403544537031776e-05   10    2    8    3
 -0.00551430360301838   10    2    8    4
 0.006347850773211251   10    2    8    5
 0.002614495392708624   10    2    8    6
 0.0004148030182170609   10    2    8    7
 -2.214372658426215e-05   10    2    8    8
 1.827544144995054e-06   10    2    9    1
 1.991844036640145e-06   10    2    9    2
 -2.254902988307362e-05   10    2    9    3
 -0.005265857886822969   10    2    9    4
 0.005985353523630203   10    2    9    5
 0.002781838416364237   10    2    9    6
 0.0002530390925763045   10    2    9    7
 1.154361601340417e-05   10    2    9    8
 1.388628855434011e-05   10    2    9    9
 3.985853935818745e-06   10    2   10    1
 0.02040522400958074   10    2   10    2
 9.271941170981245e-05   10    3    1    1
 -4.667082701501261e-07   10    3    2    1
 3.380169622167794e-05   10    3    2    2
 -1.28216568091283e-05   10    3    3    1
 1.796442714604503e-05   10    3    3    2
 7.367726905445572e-05   10    3    3    3
 0.0009389766473904964   10    3    4    1
 -0.0009451042265540175   10    3    4    2
 0.002928218820008126   10    3    4    3
 5.104684212742599e-05   10    3    4    4
 -0.0005428075344492198   10    3    5    1
 0.0005397624932131485   10    3    5    2
 -0.005155089224130958   10    3    5    3
 2.302285474556954e-05   10    3    5    4
 5.37539757511994e-05   10    3    5    5
 -0.001231729930604456   10    3    6    1
 0.001375546886374801   10    3    6    2
 0.001717733668155133   10    3    6    3
 -2.359239028302145e-06   10    3    6    4
 -7.707807628165189e-06   10    3    6    5
 5.772015116694455e-05   10    3    6    6
 0.0006180444539088751   10    3    7    1
 -0.0008693170790503725   10    3    7    2
 -0.00306427208044726   10    3    7    3
 -1.03327301764844e-05   10    3    7    4
 -3.414776884463375e-06   10    3    7    5
 -2.45772175158958e-05   10    3    7    6
 5.51194282173898e-05   10    3    7    7
 -1.424995711271335e-06   10    3    8    1
 -7.140043334899694e-06   10    3    8    2
 2.154599977823221e-05   10    3    8    3
 -0.003480362922458881   10    3    8    4
 0.001978655604820319   10    3    8    5
 0.005350263069706936   10    3    8    6
 -0.003055394607910634   10    3    8    7
 7.649887679473477e-05   10    3    8    8
 7.137214254068858e-06   10    3    9    1
 -2.355713876349382e-05   10    3    9    2
 1.633872639252318e-05   10    3    9    3
 0.002665696875411164   10    3    9    4
 -0.001521060892362858   10    3    9    5
 -0.004227178847254165   10    3    9    6
 0.002416320088423793   10    3    9    7
 -2.214823725674299e-05   10    3    9    8
 3.172626882501121e-05   10    3    9    9
 0.0002432808079737032   10    3   10    1
 0.0001301409600213824   10    3   10    2
 0.008009685137130341   10    3   10    3
 0.004221408665955343   10    4    1    1
 -3.190358538725885e-05   10    4    2    1
 0.07891586891691385   10    4    2    2
 0.01255314016485497   10    4    3    1
 -0.0065315256961618   10    4    3    2
 0.04352049936146288   10    4    3    3
 -8.398650686060917e-06   10    4    4    1
 -1.043114600767674e-05   10    4    4    2
 -4.201104837085095e-06   10    4    4    3
 0.03815793992096883   10    4    4    4
 1.686142564556362e-05   10    4    5    1
 1.27073833977081e-05   10    4    5    2
 -2.049453669236928e-05   10    4    5    3
 -0.03374475472681602   10    4    5    4
 0.03835702923355451   10    4    5    5
 1.856803728208453e-05   10    4    6    1
 -1.60183412420135e-05   10    4    6    2
 -1.271635985653249e-05   10    4    6    3
 -0.0006009631587761547   10    4    6    4
 0.01773962589913809   10    4    6    5
 0.03533717039142386   10    4    6    6
 -3.164085408640978e-06   10    4    7    1
 3.201400927371794e-06   10    4    7    2
 2.3252528638202e-06   10    4    7    3
 0.01270133987613624   10    4    7    4
 -0.002455661962826618   10    4    7    5
 0.02861247701695184   10    4    7    6
 0.03723978484715658   10    4    7    7
 -0.005150709086313551   10    4    8    1
 -0.01045010484909271   10    4    8    2
 -0.03667314015698673   10    4    8    3
 3.932029896487803e-05   10    4    8    4
 -2.171706967638405e-06   10    4    8    5
 -3.179528770788204e-06   10    4    8    6
 -1.67179443853607e-05   10    4    8    7
 0.0519503299025272   10    4    8    8
 0.002210371209506565   10    4    9    1
 -0.01687904620861059   10    4    9    2
 0.01638016834825779   10    4    9    3
 -3.268507803175674e-05   10    4    9    4
 1.899095463384016e-05   10    4    9    5
 1.319320869429586e-05   10    4    9    6
 -5.572649070328948e-06   10    4    9    7
 -0.01452603387857315   10    4    9    8
 0.02018052684443938   10    4    9    9
 -1.194956208759994e-06   10    4   10    1
 -1.997430656850949e-05   10    4   10    2
 2.303101028221103e-05   10    4   10    3
 0.03272028757358852   10    4   10    4
 -0.05183683613351563   10    5    1    1
 -0.0002330477622012323   10    5    2    1
 -0.09440113698301128   10    5    2    2
 -0.01070158009318853   10    5    3    1
 0.0001457009846194774   10    5    3    2
 -0.07653298742337269   10    5    3    3
 1.89430341498065e-05   10    5    4    1
 1.61750765561523e-05   10    5    4    2
 1.600734459848918e-05   10    5    4    3
 -0.06640023802733078   10    5    4    4
 2.022582386580263e-06   10    5    5    1
 -1.134150783793936e-05   10    5    5    2
 1.283083225023765e-05   10    5    5    3
 0.01964952885203399   10    5    5    4
 -0.06812731418254471   10    5    5    5
 -1.643066868375491e-05   10    5    6    1
 7.42018691674016e-06   10    5    6    2
 3.178380870252851e-06   10    5    6    3
 0.004757901371055049   10    5    6    4
 -0.00706029987005742   10    5    6    5
 -0.06550503248018022   10    5    6    6
 6.523661434305431e-07   10    5    7    1
 -4.667850488417151e-06   10    5    7    2
 -3.051453285382018e-06   10    5    7    3
 -0.009502651724206069   10    5    7    4
 2.574047509752762e-05   10    5    7    5
 -0.01579448058703721   10    5    7    6
 -0.06305159022562988   10    5    7    7
 -0.0001894898207746714   10    5    8    1
 0.009054678855201753   10    5    8    2
 0.02088873968968067   10    5    8    3
 -1.496515229809813e-05   10    5    8    4
 -4.75577584498775e-06   10    5    8    5
 3.983815787345195e-06   10    5    8    6
 4.552201013951269e-06   10    5    8    7
 -0.09137568932421435   10    5    8    8
 -0.01262681219451713   10    5    9    1
 0.02090141267258709   10    5    9    2
 -0.009338738376537479   10    5    9    3
 2.806671954189904e-05   10    5    9    4
 -2.029561152209815e-05   10    5    9    5
 1.71171749072482e-06   10    5    9    6
 -1.819507997846737e-06   10    5    9    7
 0.025541108962899   10    5    9    8
 -0.03549054998492886   10    5    9    9
 -2.085557305895851e-06   10    5   10    1
 1.798499514001821e-05   10    5   10    2
 -3.382819386476154e-05   10    5   10    3
 -0.0274797665518053   10    5   10    4
 0.04716252358917337   10    5   10    5
 0.08143707787537928   10    6    1    1
 0.0005212253320966658   10    6    2    1
 -0.03113110143949726   10    6    2    2
 -0.01231011771087195   10    6    3    1
 0.0160421051731694   10    6    3    2
 0.02637049125468078   10    6    3    3
 2.136900045884236e-05   10    6    4    1
 -1.833587921860852e-05   10    6    4    2
 -1.01219978723372e-05   10    6    4    3
 0.02058748685355189   10    6    4    4
 -2.167350703597089e-05   10    6    5    1
 6.627139755382103e-06   10    6    5    2
 4.625743341321144e-05   10    6    5    3
 0.04561842630792447   10    6    5    4
 0.02010481840908574   10    6    5    5
 9.190312795036053e-07   10    6    6    1
 1.711834880604571e-05   10    6    6    2
 3.066988168462302e-05   10    6    6    3
 0.001527551043596454   10    6    6    4
 -0.02695342226152992   10    6    6    5
 0.02494374283831658   10    6    6    6
 -2.213820141775904e-05   10    6    7    1
 -2.050861670094534e-05   10    6    7    2
 -1.226925602196236e-05   10    6    7    3
 -0.01844872401589547   10    6    7    4
 0.0003973634536603892   10    6    7    5
 -0.04949983852507821   10    6    7    6
 0.02632408067176835   10    6    7    7
 0.01364167828897823   10    6    8    1
 0.01047619249893822   10    6    8    2
 0.05577247983916731   10    6    8    3
 -3.803214096779297e-05   10    6    8    4
 1.557416781535731e-05   10    6    8    5
 8.692576404481229e-06   10    6    8    6
 3.352332364230944e-05   10    6    8    7
 0.03159115845307274   10    6    8    8
 0.01726665571014985   10    6    9    1
 0.005707945471633591   10    6    9    2
 -0.02561612521843464   10    6    9    3
 3.021030013288081e-05   10    6    9    4
 -1.224412565078148e-05   10    6    9    5
 -3.253990126986548e-05   10    6    9    6
 1.528038470455584e-05   10    6    9    7
 -0.008883383325589963   10    6    9    8
 0.01216669298838888   10    6    9    9
 1.52747622170549e-05   10    6   10    1
 1.035756573625549e-05   10    6   10    2
 6.838934050130405e-07   10    6   10    3
 -0.01360214391379157   10    6   10    4
 -0.0001224566595839959   10    6   10    5
 0.04425338528965427   10    6   10    6
 -0.07684852210584685   10    7    1    1
 -0.0004897160014636459   10    7    2    1
 -0.0125786203198625   10    7    2    2
 0.004745483555655079   10    7    3    1
 -0.01145132650556194   10    7    3    2
 -0.04690774523541071   10    7    3    3
 -1.746592709828647e-05   10    7    4    1
 4.370593445748149e-06   10    7    4    2
 6.439796629393248e-06   10    7    4    3
 -0.03590545971670822   10    7    4    4
 8.390578644904371e-06   10    7    5    1
 -7.546837469048333e-06   10    7    5    2
 -3.338400769131229e-05   10    7    5    3
 -0.02567263249464918   10    7    5    4
 -0.03672691060375138   10    7    5    5
 -1.155430710747512e-05   10    7    6    1
 -2.384692801940975e-05   10    7    6    2
 -2.501575102078636e-05   10    7    6    3
 0.0006612446925575852   10    7    6    4
 0.01116412341164007   10    7    6    5
 -0.04550529883234364   10    7    6    6
 1.751251866144294e-05   10    7    7    1
 -4.09185851235053e-06   10    7    7    2
 7.831745983788373e-06   10    7    7    3
 0.01530915775813907   10    7    7    4
 -0.003086432347332148   10    7    7    5
 0.02865744336952269   10    7    7    6
 -0.04400620588835866   10    7    7    7
 -0.009778365119954094   10    7    8    1
 -0.004018128820378364   10    7    8    2
 -0.03185826314237496   10    7    8    3
 2.124346052189024e-05   10    7    8    4
 -1.584588253261128e-05   10    7    8    5
 4.493657026540529e-06   10    7    8    6
 -1.258769029263518e-05   10    7    8    7
 -0.05614917978746664   10    7    8    8
 -0.01689392851031915   10    7    9    1
 0.003710796490199919   10    7    9    2
 0.014640568226871   10    7    9    3
 -1.006399545921726e-05   10    7    9    4
 1.524373462619236e-06   10    7    9    5
 2.203483415418085e-05   10    7    9    6
 -1.024241879584634e-05   10    7    9    7
 0.01578771820296818   10    7    9    8
 -0.02162984071624377   10    7    9    9
 -1.275602291296689e-05   10    7   10    1
 -2.68163230344973e-06   10    7   10    2
 -1.296870506813655e-05   10    7   10    3
 -0.0002112338819995005   10    7   10    4
 0.0149568107326738   10    7   10    5
 -0.02578372695195095   10    7   10    6
 0.03146691602529444   10    7   10    7
 1.268911538075019e-05   10    8    1    1
 6.892344217984104e-06   10    8    2    1
 3.236167528213792e-05   10    8    2    2
 1.085301036606952e-05   10    8    3    1
 -5.42949262722671e-07   10    8    3    2
 3.068831697741706e-05   10    8    3    3
 -0.0009297349420907956   10    8    4    1
 -0.006330673068176309   10    8    4    2
 -0.003684707823305699   10    8    4    3
 2.372650463741294e-05   10    8    4    4
 -0.002678827041152217   10    8    5    1
 0.006796094944049875   10    8    5    2
 0.00209896053200737   10    8    5    3
 -5.761508630290276e-06   10    8    5    4
 1.167469292678626e-05   10    8    5    5
 0.006925935358456758   10    8    6    1
 0.003827661392472848   10    8    6    2
 0.005486124760806012   10    8    6    3
 4.579718624226904e-06   10    8    6    4
 2.712492573759628e-06   10    8    6    5
 1.078561611996095e-05   10    8    6    6
 -0.005859741745604538   10    8    7    1
 -0.0002936871648839353   10    8    7    2
 -0.003135380963264476   10    8    7    3
 1.722217290217274e-06   10    8    7    4
 -2.980223819698938e-07   10    8    7    5
 1.27535370318627e-05   10    8    7    6
 1.259536818656573e-05   10    8    7    7
 -8.400932856320083e-06   10    8    8    1
 2.09070912087052e-06   10    8    8    2
 6.788518706709077e-07   10    8    8    3
 0.006266908727981556   10    8    8    4
 -0.0110259874376347   10    8    8    5
 0.003737606224195846   10    8    8    6
 -0.006649052980376858   10    8    8    7
 1.081905683596197e-05   10    8    8    8
 -5.939758968850379e-06   10    8    9    1
 2.43891041356586e-06   10    8    9    2
 1.813229670337209e-06   10    8    9    3
 -0.000774285704579114   10    8    9    4
 0.001359576532047539   10    8    9    5
 -0.000489696354328438   10    8    9    6
 0.000869571720275294   10    8    9    7
 -6.443844073989835e-06   10    8    9    8
 1.773870895427603e-05   10    8    9    9
 0.00425113062963216   10    8   10    1
 -0.004555179067140576   10    8   10    2
 -0.0001857314152522875   10    8   10    3
 8.153822440610649e-06   10    8   10    4
 -7.108226021547358e-06   10    8   10    5
 -1.132860558683749e-06   10    8   10    6
 -2.007479908751381e-06   10    8   10    7
 0.01304917590794116   10    8   10    8
 -6.769106938212126e-05   10    9    1    1
 -1.843923468737908e-07   10    9    2    1
 -5.385478312321927e-05   10    9    2    2
 -1.354689993123142e-05   10    9    3    1
 -3.357189955975873e-05   10    9    3    2
 -4.775520433476569e-05   10    9    3    3
 -0.0004101281023559266   10    9    4    1
 -0.01059401327607958   10    9    4    2
 0.004895560728705198   10    9    4    3
 -7.075907739923558e-05   10    9    4    4
 -0.005822365028263378   10    9    5    1
 0.01204698823900899   10    9    5    2
 -0.002791384815913732   10    9    5    3
 5.674489662976863e-06   10    9    5    4
 -6.618701952665749e-05   10    9    5    5
 0.01186784711066599   10    9    6    1
 0.005709458016351104   10    9    6    2
 -0.007852815481085476   10    9    6    3
 1.513691359277759e-05   10    9    6    4
 -5.208597429213594e-06   10    9    6    5
 -7.458252549412132e-05   10    9    6    6
 -0.01054342927605367   10    9    7    1
 0.0004604441474074545   10    9    7    2
 0.004491642174913065   10    9    7    3
 -4.014349673664467e-06   10    9    7    4
 8.192447880301332e-07   10    9    7    5
 9.57775507323206e-06   10    9    7    6
 -5.813926583475205e-05   10    9    7    7
 -1.510417797442509e-05   10    9    8    1
 1.16057629779938e-05   10    9    8    2
 -4.259276534911487e-06   10    9    8    3
 -0.000536401907185752   10    9    8    4
 0.0009410631889433557   10    9    8    5
 -0.0003430272608337487   10    9    8    6
 0.0006094467843084125   10    9    8    7
 -8.363736991115948e-05   10    9    8    8
 -2.269111712937078e-05   10    9    9    1
 1.933497458153746e-05   10    9    9    2
 4.091905819181053e-06   10    9    9    3
 0.0008711619497324458   10    9    9    4
 -0.001529572390836189   10    9    9    5
 0.0005577153308000726   10    9    9    6
 -0.0009856803877249826   10    9    9    7
 2.407986300878384e-05   10    9    9    8
 -2.10842731662924e-05   10    9    9    9
 0.00415847704278371   10    9   10    1
 -0.004578059865454774   10    9   10    2
 0.0002100668740999361   10    9   10    3
 -1.380122619768918e-05   10    9   10    4
 2.634113008319878e-05   10    9   10    5
 -1.091038500223081e-05   10    9   10    6
 1.77817775455584e-05   10    9   10    7
 -0.001009804094263798   10    9   10    8
 0.01162103472002868   10    9   10    9
 0.429861825707924   10   10    1    1
 0.007749630252872172   10   10    2    1
 0.4339343947879956   10   10    2    2
 0.02490215213643191   10   10    3    1
 0.0240853940279919   10   10    3    2
 0.439057876108969   10   10    3    3
 -1.36686989346336e-05   10   10    4    1
 -4.868373620896543e-05   10   10    4    2
 -6.527473997162521e-06   10   10    4    3
 0.4237960173110265   10   10    4    4
 3.481504481077593e-06   10   10    5    1
 3.355875430181314e-05   10   10    5    2
 -9.200800574914452e-06   10   10    5    3
 -0.01474475069305092   10   10    5    4
 0.4314872405569151   10   10    5    5
 3.946521876091884e-05   10   10    6    1
 9.040630638059145e-06   10   10    6    2
 5.426058776764047e-06   10   10    6    3
 -0.003459191907609247   10   10    6    4
 -0.0003478220392079404   10   10    6    5
 0.4274502475468284   10   10    6    6
 -1.883690082115523e-05   10   10    7    1
 1.701517756380926e-06   10   10    7    2
 -6.540375610594605e-06   10   10    7    3
 -0.0003800011434526403   10   10    7    4
 0.01062930188383262   10   10    7    5
 -0.01128500782242141   10   10    7    6
 0.4224839440231294   10   10    7    7
 0.01963458132256912   10   10    8    1
 -0.0203321475941855   10   10    8    2
 -0.001921756342954945   10   10    8    3
 1.109899422013193e-06   10   10    8    4
 3.211619374869121e-05   10   10    8    5
 -5.743083493145532e-06   10   10    8    6
 7.973519193175125e-06   10   10    8    7
 0.465222676089131   10   10    8    8
 0.03578748128277674   10   10    9    1
 -0.03631794178201685   10   10    9    2
 0.0009144314465975541   10   10    9    3
 -3.466435436026583e-05   10   10    9    4
 3.000535932895651e-05   10   10    9    5
 -3.365289836513803e-05   10   10    9    6
 1.483297467705189e-05   10   10    9    7
 -0.05432288929053952   10   10    9    8
 0.3160383883313131   10   10    9    9
 2.051939324834855e-05   10   10   10    1
 -3.082068199018415e-05   10   10   10    2
 4.865313218822504e-05   10   10   10    3
 0.03238745257099385   10   10   10    4
 -0.05590690003100857   10   10   10    5
 0.01795459171481941   10   10   10    6
 -0.03355525309540063   10   10   10    7
 4.040397954871126e-06   10   10   10    8
 -5.478600350974585e-05   10   10   10    9
 0.4195485902675649   10   10   10   10
 -5.083742125188566    1    1  0  0
 -0.2114125912589834    2    1  0  0
 -5.087221410564621    2    2  0  0
 -0.3985386891738797    3    1  0  0
 -0.4013077904086222    3    2  0  0
 -5.002976061501403    3    3  0  0
 0.0002304081318903525    4    1  0  0
 0.000477583824680555    4    2  0  0
 0.0004984832239490973    4    3  0  0
 -4.549424420558214    4    4  0  0
 -0.0001673994674508238    5    1  0  0
 -0.0002664247037586391    5    2  0  0
 -0.0002379701791599204    5    3  0  0
 0.00938670984980936    5    4  0  0
 -4.558870031297723    5    5  0  0
 -0.0003277382577481355    6    1  0  0
 -4.363115119084166e-05    6    2  0  0
 -0.0004493721525354465    6    3  0  0
 -0.1099638593339994    6    4  0  0
 0.009911578236361282    6    5  0  0
 -4.447917529839684    6    6  0  0
 0.0001600434001976078    7    1  0  0
 -5.498834223519063e-06    7    2  0  0
 0.0001737144876361285    7    3  0  0
 0.00941787585164589    7    4  0  0
 -0.121779473049824    7    5  0  0
 0.008204391932587273    7    6  0  0
 -4.458832920149149    7    7  0  0
 -0.1955080796016406    8    1  0  0
 0.1940690043979047    8    2  0  0
 -0.0001965224312314654    8    3  0  0
 0.0002400627916883248    8    4  0  0
 -0.000493738408927415    8    5  0  0
 0.0001700017259621783    8    6  0  0
 -0.0002017388324336764    8    7  0  0
 -4.703487793375663    8    8  0  0
 -0.3450347040710013    9    1  0  0
 0.3423682861352074    9    2  0  0
 -0.0003347995957069673    9    3  0  0
 0.0003378232409585972    9    4  0  0
 -0.0002535800570025867    9    5  0  0
 0.000425800127725784    9    6  0  0
 -6.34211793574459e-05    9    7  0  0
 0.4474164425072875    9    8  0  0
 -2.605826986606789    9    9  0  0
 -6.214815551800074e-05   10    1  0  0
 0.0001974906297735483   10    2  0  0
 -0.0004732453975079036   10    3  0  0
 -0.3294611288871996   10    4  0  0
 0.5799782155943297   10    5  0  0
 -0.1929535368490669   10    6  0  0
 0.3438424611743956   10    7  0  0
 -0.0005754616548747179   10    8  0  0
 0.0004472189040157497   10    9  0  0
 -3.274214252715193   10   10  0  0
 -80.64653390297761  0  0  0  0
