 &FCI NORB=  10,NELEC=10,MS2=0,
  ORBSYM=1,1,1,1,1,1,1,1,1,1,
  ISYM=1,
 &END
 0.4506610611437599    1    1    1    1
 -9.349567533557954e-07    2    1    1    1
 0.2434116829637582    2    1    2    1
 0.453816846077752    2    2    1    1
 1.145548510220016e-06    2    2    2    1
 0.4583583355875841    2    2    2    2
 -0.01377671124945613    3    1    1    1
 -1.474753797495126e-06    3    1    2    1
 -0.005565174350314444    3    1    2    2
 0.0728408233981622    3    1    3    1
 -7.949604405718013e-07    3    2    1    1
 0.03629665201433902    3    2    2    1
 1.602249392294006e-07    3    2    2    2
 2.125513725801969e-07    3    2    3    1
 0.06141703278404163    3    2    3    2
 0.4320148225719934    3    3    1    1
 1.253459123049448e-06    3    3    2    1
 0.432016931362854    3    3    2    2
 -0.01899706465871571    3    3    3    1
 -7.754495677522367e-10    3    3    3    2
 0.4408674471741627    3    3    3    3
 -8.954165582658905e-07    4    1    1    1
 1.93204599876359e-05    4    1    2    1
 -1.310765382664879e-06    4    1    2    2
 -2.717787479569513e-07    4    1    3    1
 -1.876601989442598e-05    4    1    3    2
 -1.166207205101165e-06    4    1    3    3
 0.07017405785175784    4    1    4    1
 1.110012823015312e-05    4    2    1    1
 -1.408873830991627e-06    4    2    2    1
 4.725976005602412e-06    4    2    2    2
 -1.878414766646158e-05    4    2    3    1
 -3.335619770378836e-07    4    2    3    2
 -1.188764106462133e-06    4    2    3    3
 -4.29158593303414e-07    4    2    4    1
 0.06687157846704804    4    2    4    2
 -4.432295741637622e-07    4    3    1    1
 -6.763446522248464e-05    4    3    2    1
 -4.253618840718651e-07    4    3    2    2
 -4.075358597306273e-07    4    3    3    1
 -1.040807790673944e-05    4    3    3    2
 -2.660570662934469e-07    4    3    3    3
 0.0004018002333470287    4    3    4    1
 -7.496344304315577e-08    4    3    4    2
 0.01750691992193858    4    3    4    3
 0.4358894518920138    4    4    1    1
 -1.443951392606005e-06    4    4    2    1
 0.4395895275955258    4    4    2    2
 -0.01219868981959866    4    4    3    1
 -3.387653371847528e-07    4    4    3    2
 0.4078580225587747    4    4    3    3
 -1.986699428758691e-06    4    4    4    1
 2.410755544264441e-06    4    4    4    2
 -3.843326229092229e-07    4    4    4    3
 0.4470952091030668    4    4    4    4
 -1.675621359437277e-06    5    1    1    1
 2.517238783796868e-05    5    1    2    1
 -2.178062909103542e-06    5    1    2    2
 -4.297782568909853e-07    5    1    3    1
 1.620164158320551e-06    5    1    3    2
 -1.944481686699456e-06    5    1    3    3
 -4.166878388390248e-08    5    1    4    1
 4.259661689334089e-09    5    1    4    2
 -1.335616164301785e-08    5    1    4    3
 -2.037787679178272e-06    5    1    4    4
 0.07017090301243317    5    1    5    1
 1.03617914881359e-05    5    2    1    1
 -2.076017412645345e-06    5    2    2    1
 -1.025025982461902e-06    5    2    2    2
 -5.500021177903339e-07    5    2    3    1
 -4.843723237000317e-07    5    2    3    2
 -6.607124488045529e-07    5    2    3    3
 4.671858180257229e-09    5    2    4    1
 -5.380595317954966e-08    5    2    4    2
 7.623496984038787e-10    5    2    4    3
 -5.215329311471486e-07    5    2    4    4
 -3.657681934678136e-07    5    2    5    1
 0.06686761300870529    5    2    5    2
 -6.345222323374702e-07    5    3    1    1
 -3.330710390245144e-06    5    3    2    1
 -5.896956375080915e-07    5    3    2    2
 -6.186346359223919e-07    5    3    3    1
 -5.021009297768928e-07    5    3    3    2
 -3.554072423913361e-07    5    3    3    3
 -1.75567266264962e-08    5    3    4    1
 5.71738215306816e-10    5    3    4    2
 -3.568752529263448e-09    5    3    4    3
 -4.515304903040867e-07    5    3    4    4
 0.0004008788118307853    5    3    5    1
 -7.177598125772663e-08    5    3    5    2
 0.01750656272308408    5    3    5    3
 -2.021843069052371e-07    5    4    1    1
 1.553136595531451e-08    5    4    2    1
 -2.123513276947439e-07    5    4    2    2
 -1.572403382130694e-08    5    4    3    1
 2.42226322811852e-09    5    4    3    2
 -1.654756506157137e-07    5    4    3    3
 -5.928418532323013e-07    5    4    4    1
 1.399062447846443e-08    5    4    4    2
 -3.802265782830571e-08    5    4    4    3
 -2.089018720332556e-07    5    4    4    4
 -3.869530456181386e-07    5    4    5    1
 -1.156837334828825e-08    5    4    5    2
 -2.735525238733867e-08    5    4    5    3
 0.01735990662309465    5    4    5    4
 0.4358745404546587    5    5    1    1
 -1.230663844272677e-06    5    5    2    1
 0.4395738786287305    5    5    2    2
 -0.01219981432649766    5    5    3    1
 -3.085564647151525e-07    5    5    3    2
 0.4078458131633056    5    5    3    3
 -1.21256926758836e-06    5    5    4    1
 2.433540609305348e-06    5    5    4    2
 -3.296088584251644e-07    5    5    4    3
 0.4123600004364156    5    5    4    4
 -3.223133232258591e-06    5    5    5    1
 -4.9347637140745e-07    5    5    5    2
 -5.274605798289095e-07    5    5    5    3
 -2.088740135534399e-07    5    5    5    4
 0.4470644203127204    5    5    5    5
 2.674398018370379e-06    6    1    1    1
 3.76863096891821e-07    6    1    2    1
 -1.110812031332479e-06    6    1    2    2
 3.477720848350256e-06    6    1    3    1
 -1.063066649318401e-09    6    1    3    2
 -1.089892161844449e-05    6    1    3    3
 -2.201342080634302e-07    6    1    4    1
 0.06520246918270772    6    1    4    2
 -1.581852989150295e-07    6    1    4    3
 -3.690866963723788e-06    6    1    4    4
 6.021919932423499e-10    6    1    5    1
 -0.0006456971620928049    6    1    5    2
 1.689461575927824e-09    6    1    5    3
 1.502309331384107e-06    6    1    5    4
 -5.515485052559223e-06    6    1    5    5
 0.06362481460574639    6    1    6    1
 3.474641508396372e-07    6    2    1    1
 4.023216156461807e-06    6    2    2    1
 5.388701208861908e-09    6    2    2    2
 -1.341435057341995e-07    6    2    3    1
 -4.700364273101083e-06    6    2    3    2
 -6.215474831071691e-08    6    2    3    3
 0.07075037061034935    6    2    4    1
 2.755637476573139e-07    6    2    4    2
 0.002210409929107377    6    2    4    3
 -8.579267705970548e-07    6    2    4    4
 -0.0007006310178854083    6    2    5    1
 -3.735994123544779e-09    6    2    5    2
 -2.189839763848639e-05    6    2    5    3
 -6.372586232822787e-07    6    2    5    4
 1.754144340013004e-08    6    2    5    5
 4.614875044889923e-07    6    2    6    1
 0.07160700554971969    6    2    6    2
 2.318220761824443e-06    6    3    1    1
 -2.75813679749239e-07    6    3    2    1
 4.514216662544997e-08    6    3    2    2
 -8.663368411901023e-06    6    3    3    1
 -3.66010430744429e-08    6    3    3    2
 3.768619203955299e-06    6    3    3    3
 -1.66898459697259e-07    6    3    4    1
 0.005648629066042023    6    3    4    2
 9.416746525876692e-08    6    3    4    3
 -9.131105146322751e-06    6    3    4    4
 1.590741608644024e-09    6    3    5    1
 -5.593872616490166e-05    6    3    5    2
 -1.061503510136834e-09    6    3    5    3
 -2.110102110527022e-07    6    3    5    4
 1.159887119911748e-06    6    3    5    5
 0.005561362688374118    6    3    6    1
 -1.506916882124885e-08    6    3    6    2
 0.01553047959964596    6    3    6    3
 -9.306071342650782e-07    6    4    1    1
 0.2284999375143347    6    4    2    1
 1.028068759039933e-06    6    4    2    2
 -1.103233456788923e-06    6    4    3    1
 0.03260341379095406    6    4    3    2
 1.066482490298255e-06    6    4    3    3
 1.004597295010991e-05    6    4    4    1
 -1.811131840806167e-06    6    4    4    2
 -6.574592509838374e-05    6    4    4    3
 -1.587028853539198e-06    6    4    4    4
 1.741739714712183e-05    6    4    5    1
 -2.037982373428803e-06    6    4    5    2
 -3.08238527375964e-06    6    4    5    3
 1.602368962212515e-08    6    4    5    4
 -1.168393693032994e-06    6    4    5    5
 -4.628506767873852e-08    6    4    6    1
 -5.594003696701304e-06    6    4    6    2
 -3.129579956904422e-07    6    4    6    3
 0.2387206046582358    6    4    6    4
 3.925016327511369e-09    6    5    1    1
 -0.002262831977688023    6    5    2    1
 -1.558711681145125e-08    6    5    2    2
 1.08529378104295e-08    6    5    3    1
 -0.0003228677811988381    6    5    3    2
 -1.480087114823117e-08    6    5    3    3
 1.363551413445678e-06    6    5    4    1
 -5.775372344156375e-07    6    5    4    2
 3.452668020966055e-07    6    5    4    3
 1.109095258355694e-08    6    5    4    4
 -3.459242287928798e-06    6    5    5    1
 2.6457561079795e-08    6    5    5    2
 1.756478515429853e-07    6    5    5    3
 -9.789958808855107e-08    6    5    5    4
 8.237104055195502e-09    6    5    5    5
 -5.364171055495774e-07    6    5    6    1
 7.706970032675263e-08    6    5    6    2
 -8.098996627873205e-08    6    5    6    3
 -0.002196274314776166    6    5    6    4
 0.0169632595776015    6    5    6    5
 0.4295470035815795    6    6    1    1
 1.608198870198575e-06    6    6    2    1
 0.4336924045785098    6    6    2    2
 -0.007660778509328546    6    6    3    1
 1.210122696012776e-07    6    6    3    2
 0.4011817435619669    6    6    3    3
 -1.0909302839454e-06    6    6    4    1
 -2.199338079469903e-06    6    6    4    2
 -3.698042058819503e-07    6    6    4    3
 0.4411403527977627    6    6    4    4
 -1.975730977436057e-06    6    6    5    1
 -4.517680137135669e-07    6    6    5    2
 -4.745782768599073e-07    6    6    5    3
 -0.0003423628501947644    6    6    5    4
 0.4065764997335169    6    6    5    5
 -6.672182461865675e-06    6    6    6    1
 4.162461665367183e-09    6    6    6    2
 -1.316279656221529e-06    6    6    6    3
 1.617693072413811e-06    6    6    6    4
 -2.104212777468999e-08    6    6    6    5
 0.435936525347395    6    6    6    6
 8.690870260481416e-06    7    1    1    1
 2.704423271661512e-07    7    1    2    1
 -2.212085288002875e-06    7    1    2    2
 1.172993989479896e-06    7    1    3    1
 -6.673101680889686e-08    7    1    3    2
 -3.214096353977623e-06    7    1    3    3
 -1.959939884153479e-09    7    1    4    1
 0.0006456635615530667    7    1    4    2
 -1.563646192996359e-09    7    1    4    3
 -2.704988753485914e-06    7    1    4    4
 -2.232661496787411e-07    7    1    5    1
 0.0652005940171952    7    1    5    2
 -1.556961960927899e-07    7    1    5    3
 9.12176402459012e-07    7    1    5    4
 2.996833701467137e-07    7    1    5    5
 -6.009905754311346e-10    7    1    6    1
 -4.828083219623941e-09    7    1    6    2
 -3.048464520783118e-10    7    1    6    3
 1.722128443718227e-07    7    1    6    4
 3.764245905514342e-08    7    1    6    5
 -2.537594498645534e-06    7    1    6    6
 0.06362481284961646    7    1    7    1
 4.199342969195462e-07    7    2    1    1
 -1.470470427953821e-05    7    2    2    1
 2.61186567802298e-08    7    2    2    2
 -2.621649837057736e-07    7    2    3    1
 -3.407645441552779e-06    7    2    3    2
 -1.059707035737294e-07    7    2    3    3
 0.0007006007580804527    7    2    4    1
 3.176040416838132e-09    7    2    4    2
 2.18938265275677e-05    7    2    4    3
 -1.660195167346339e-08    7    2    4    4
 0.07074874076139695    7    2    5    1
 2.778285980356574e-07    7    2    5    2
 0.002209811708394395    7    2    5    3
 -4.377257308419675e-07    7    2    5    4
 -1.291107044637545e-06    7    2    5    5
 -5.069918885469546e-09    7    2    6    1
 -4.31404393437594e-10    7    2    6    2
 -4.497752318495138e-10    7    2    6    3
 -1.933462667414893e-05    7    2    6    4
 -3.455238435468824e-06    7    2    6    5
 -8.032834401939212e-09    7    2    6    6
 3.976233626577496e-07    7    2    7    1
 0.0716070084583713    7    2    7    2
 2.154030815491582e-06    7    3    1    1
 -5.505276599152721e-07    7    3    2    1
 3.9625885771327e-07    7    3    2    2
 -5.184489561812967e-06    7    3    3    1
 -8.701809269385366e-08    7    3    3    2
 1.779618425662059e-06    7    3    3    3
 -1.57108272921338e-09    7    3    4    1
 5.593680915977129e-05    7    3    4    2
 1.149316138360858e-09    7    3    4    3
 9.547148648525677e-07    7    3    4    4
 -1.645317144691364e-07    7    3    5    1
 0.005648425818251679    7    3    5    2
 9.315225809146317e-08    7    3    5    3
 -5.145183253585576e-06    7    3    5    4
 5.328075981351911e-07    7    3    5    5
 -5.039728127836497e-10    7    3    6    1
 -3.683219973236321e-10    7    3    6    2
 8.186812437179183e-10    7    3    6    3
 -4.830589117130646e-07    7    3    6    4
 -8.83761684867406e-09    7    3    6    5
 6.439814187837423e-07    7    3    6    6
 0.005561364839043744    7    3    7    1
 -1.872839805094849e-08    7    3    7    2
 0.01553047827234838    7    3    7    3
 -7.957941266449427e-09    7    4    1    1
 0.00226270761909095    7    4    2    1
 1.159253487643891e-08    7    4    2    2
 -1.082604089566663e-08    7    4    3    1
 0.0003228553903722844    7    4    3    2
 1.169537731750859e-08    7    4    3    3
 -4.358459312342915e-06    7    4    4    1
 -2.931112341822001e-08    7    4    4    2
 -6.749998022267921e-07    7    4    4    3
 -1.426891255086459e-08    7    4    4    4
 1.029330612961029e-06    7    4    5    1
 -4.20599261860449e-07    7    4    5    2
 -5.061974387632914e-06    7    4    5    3
 -1.137588831263448e-07    7    4    5    4
 -8.008399875856361e-09    7    4    5    5
 3.571236332519543e-08    7    4    6    1
 -5.999057333646088e-06    7    4    6    2
 -3.390545910190282e-08    7    4    6    3
 0.002196147785857537    7    4    6    4
 0.01692016264831566    7    4    6    5
 1.256157969418042e-08    7    4    6    6
 -3.492534931083276e-07    7    4    7    1
 -2.846909235475707e-07    7    4    7    2
 -6.169044027665592e-08    7    4    7    3
 0.01696406159263094    7    4    7    4
 -9.339466045739023e-07    7    5    1    1
 0.2284929083527724    7    5    2    1
 1.02492232284278e-06    7    5    2    2
 -1.101082115016832e-06    7    5    3    1
 0.03260260880274666    7    5    3    2
 1.062994824008285e-06    7    5    3    3
 1.247535891198731e-05    7    5    4    1
 -1.416937530776161e-06    7    5    4    2
 -6.085743895058719e-05    7    5    4    3
 -1.362566742623027e-06    7    5    4    4
 1.442211861802491e-05    7    5    5    1
 -2.644755962133373e-06    7    5    5    2
 -3.411969974221506e-06    7    5    5    3
 1.432008209124303e-08    7    5    5    4
 -1.367254757312858e-06    7    5    5    5
 2.653494361474037e-07    7    5    6    1
 -1.854093893394594e-06    7    5    6    2
 -2.424059784389067e-07    7    5    6    3
 0.2048297924733381    7    5    6    4
 -0.002196197892622698    7    5    6    5
 1.38772513988122e-06    7    5    6    6
 -3.284455708223107e-07    7    5    7    1
 -2.525587540540132e-05    7    5    7    2
 -5.97923749832319e-07    7    5    7    3
 0.002196071370622418    7    5    7    4
 0.2387066271517817    7    5    7    5
 -3.925185516187516e-10    7    6    1    1
 -1.702178618596081e-08    7    6    2    1
 1.031542066694266e-10    7    6    2    2
 -5.145432454574716e-10    7    6    3    1
 -2.324435425821022e-09    7    6    3    2
 1.033326347631742e-09    7    6    3    3
 3.906920876568162e-08    7    6    4    1
 -5.463738361080158e-06    7    6    4    2
 -2.960022934798583e-08    7    6    4    3
 0.0003421693650031825    7    6    4    4
 4.33039142093064e-08    7    6    5    1
 -2.223080250000277e-06    7    6    5    2
 -1.246934853008164e-08    7    6    5    3
 0.01727489680247248    7    6    5    4
 -0.0003421744201327294    7    6    5    5
 -3.802997945303743e-06    7    6    6    1
 -1.241745858947968e-08    7    6    6    2
 -5.055841404032585e-07    7    6    6    3
 -1.518094726320464e-08    7    6    6    4
 1.139248561785253e-07    7    6    6    5
 5.371253234164229e-10    7    6    6    6
 -1.301731375468796e-06    7    6    7    1
 1.554966813784458e-10    7    6    7    2
 -8.771594747139287e-07    7    6    7    3
 9.736304754154712e-08    7    6    7    4
 -1.757915993232086e-08    7    6    7    5
 0.01729316265211748    7    6    7    6
 0.4295470019045922    7    7    1    1
 1.393399314259452e-06    7    7    2    1
 0.4336924047568074    7    7    2    2
 -0.007660776214844925    7    7    3    1
 9.04072575194847e-08    7    7    3    2
 0.4011817415569914    7    7    3    3
 -1.177527697361533e-06    7    7    4    1
 2.246882118888701e-06    7    7    4    2
 -3.447989862240688e-07    7    7    4    3
 0.4065897837481627    7    7    4    4
 -1.897567323979681e-06    7    7    5    1
 -1.13789224772198e-05    7    7    5    2
 -5.337710379904023e-07    7    7    5    3
 0.0003419809379132199    7    7    5    4
 0.4411255180655709    7    7    5    5
 -4.068719118054544e-06    7    7    6    1
 3.863339551783283e-09    7    7    6    2
 4.380390715130769e-07    7    7    6    3
 1.197936525755072e-06    7    7    6    4
 -1.887082825195317e-08    7    7    6    5
 0.4013502008568579    7    7    6    6
 -1.014359021376916e-05    7    7    7    1
 -3.283981410726509e-08    7    7    7    2
 -3.67187103469414e-07    7    7    7    3
 1.518810731943837e-08    7    7    7    4
 1.390550960837538e-06    7    7    7    5
 5.371418044108077e-10    7    7    7    6
 0.4359365269749967    7    7    7    7
 4.4462624434608e-07    8    1    1    1
 -0.0004820238663366563    8    1    2    1
 -1.793273451145895e-07    8    1    2    2
 3.066080602442379e-07    8    1    3    1
 -0.0601761654501354    8    1    3    2
 3.678879865561946e-08    8    1    3    3
 4.739683159406539e-07    8    1    4    1
 3.666094928972353e-08    8    1    4    2
 -1.308120733951507e-06    8    1    4    3
 -1.683832822328029e-07    8    1    4    4
 6.065112482680858e-07    8    1    5    1
 9.703620374447099e-09    8    1    5    2
 -1.531468037642367e-06    8    1    5    3
 8.694451626242805e-11    8    1    5    4
 -1.671192152956357e-07    8    1    5    5
 -4.935079679978778e-08    8    1    6    1
 -1.737858113174749e-05    8    1    6    2
 -5.6164264110395e-08    8    1    6    3
 0.001355934265785148    8    1    6    4
 -1.343369474357292e-05    8    1    6    5
 -1.282445038991482e-07    8    1    6    6
 -9.273462168438001e-08    8    1    7    1
 -7.097166444746856e-07    8    1    7    2
 -5.983635628686024e-08    8    1    7    3
 1.342679840798816e-05    8    1    7    4
 0.001355565828932121    8    1    7    5
 -2.618144191776767e-10    8    1    7    6
 -1.295301722203543e-07    8    1    7    7
 0.06462906469451338    8    1    8    1
 0.02533122853724941    8    2    1    1
 -8.390827987990781e-07    8    2    2    1
 0.01850077369781627    8    2    2    2
 -0.07147525472790445    8    2    3    1
 -4.907503438502883e-07    8    2    3    2
 0.02318429824243062    8    2    3    3
 3.914715008859311e-09    8    2    4    1
 2.128316445427464e-07    8    2    4    2
 4.21779149842279e-07    8    2    4    3
 0.02505414567150198    8    2    4    4
 -4.972047743285079e-08    8    2    5    1
 -4.210128063252146e-08    8    2    5    2
 6.294285153067677e-07    8    2    5    3
 -6.203560131318875e-09    8    2    5    4
 0.02505368850944496    8    2    5    5
 -2.138995591153461e-05    8    2    6    1
 3.492404530445352e-10    8    2    6    2
 5.170886549881959e-06    8    2    6    3
 -1.030633807671827e-06    8    2    6    4
 9.95686668148315e-09    8    2    6    5
 0.02045980256244074    8    2    6    6
 -1.736336437677064e-06    8    2    7    1
 1.380946286827569e-09    8    2    7    2
 6.150740266445552e-06    8    2    7    3
 -1.016005369801421e-08    8    2    7    4
 -1.032874512669229e-06    8    2    7    5
 1.921527690364514e-09    8    2    7    6
 0.02045979999209033    8    2    7    7
 -3.924494052572919e-07    8    2    8    1
 0.07342720277472117    8    2    8    2
 9.404971639130917e-07    8    3    1    1
 -0.2162299346674103    8    3    2    1
 -9.888526285276914e-07    8    3    2    2
 8.823959177460156e-07    8    3    3    1
 -0.03346539684051865    8    3    3    2
 -1.110692952028572e-06    8    3    3    3
 -1.345806014487472e-05    8    3    4    1
 1.329102486064481e-06    8    3    4    2
 6.269827401763379e-05    8    3    4    3
 1.305813333559676e-06    8    3    4    4
 -1.659099279576507e-05    8    3    5    1
 1.918383608663017e-06    8    3    5    2
 3.233588196366453e-06    8    3    5    3
 -1.323835944167834e-08    8    3    5    4
 1.124842032358647e-06    8    3    5    5
 -2.562436055851672e-07    8    3    6    1
 -1.798510454230789e-07    8    3    6    2
 2.439162886094949e-07    8    3    6    3
 -0.1938523821224777    8    3    6    4
 0.001919715982993864    8    3    6    5
 -1.315621622826853e-06    8    3    6    6
 -1.724333118055918e-07    8    3    7    1
 1.813593477603076e-05    8    3    7    2
 4.878478557044604e-07    8    3    7    3
 -0.001919612406443045    8    3    7    4
 -0.1938465135356077    8    3    7    5
 1.438858921171175e-08    8    3    7    6
 -1.133405962894162e-06    8    3    7    7
 0.0025570368822666    8    3    8    1
 1.269542366469204e-06    8    3    8    2
 0.2143358203338316    8    3    8    3
 5.945252671043053e-07    8    4    1    1
 1.308501874836376e-07    8    4    2    1
 1.772335850235253e-07    8    4    2    2
 -2.131405121996903e-06    8    4    3    1
 3.798611347961655e-07    8    4    3    2
 9.413810801713388e-06    8    4    3    3
 -2.707952702944677e-07    8    4    4    1
 0.004765583676888062    8    4    4    2
 1.043282402181613e-07    8    4    4    3
 -2.113411887475835e-08    8    4    4    4
 3.159165613877555e-10    8    4    5    1
 -4.114037801833687e-09    8    4    5    2
 -1.076706688291249e-09    8    4    5    3
 6.619764487123763e-09    8    4    5    4
 4.529255108715764e-10    8    4    5    5
 0.004554218119642111    8    4    6    1
 -3.025342789294127e-07    8    4    6    2
 -0.01587684427657199    8    4    6    3
 8.321776215758345e-08    8    4    6    4
 -3.973644926022849e-08    8    4    6    5
 -9.96758871283623e-06    8    4    6    6
 4.509783096324088e-05    8    4    7    1
 -2.976003630460022e-09    8    4    7    2
 -0.0001572194808275543    8    4    7    3
 -2.607330426437604e-10    8    4    7    4
 1.013161312970612e-07    8    4    7    5
 -7.195349438047338e-07    8    4    7    6
 -1.045704092237328e-10    8    4    7    7
 -3.630456639090404e-07    8    4    8    1
 2.350810541748614e-09    8    4    8    2
 -1.553007745341651e-07    8    4    8    3
 0.01803655589084362    8    4    8    4
 8.24915861560101e-07    8    5    1    1
 4.678879249996201e-08    8    5    2    1
 2.634171254872142e-08    8    5    2    2
 -1.478918829393774e-06    8    5    3    1
 5.392222837868643e-07    8    5    3    2
 5.39117354145443e-07    8    5    3    3
 3.84453494756644e-10    8    5    4    1
 -4.982948625179273e-09    8    5    4    2
 -1.181795977101764e-09    8    5    4    3
 5.868422122421267e-08    8    5    4    4
 -2.660384786380147e-07    8    5    5    1
 0.004765248515592959    8    5    5    2
 8.893559227165133e-08    8    5    5    3
 -1.079801632823357e-08    8    5    5    4
 7.191738118761876e-08    8    5    5    5
 -4.510147475529764e-05    8    5    6    1
 3.01454309979005e-09    8    5    6    2
 0.0001572265093693298    8    5    6    3
 2.191201228117585e-08    8    5    6    4
 3.821883039610054e-10    8    5    6    5
 1.523285111830762e-07    8    5    6    6
 0.004554037592254216    8    5    7    1
 -3.029490520553663e-07    8    5    7    2
 -0.01587646307594611    8    5    7    3
 -1.848569451107995e-08    8    5    7    4
 -1.808114334584785e-08    8    5    7    5
 -4.983617883935998e-06    8    5    7    6
 -1.286702368501446e-06    8    5    7    7
 -5.54687306133515e-07    8    5    8    1
 3.82396477425177e-08    8    5    8    2
 -9.793428351192791e-08    8    5    8    3
 -1.322573362698043e-08    8    5    8    4
 0.01803558100608789    8    5    8    5
 5.637566638129424e-08    8    6    1    1
 -6.366628429609523e-05    8    6    2    1
 2.192379313724524e-09    8    6    2    2
 -6.481729923051945e-08    8    6    3    1
 -7.436827200613731e-06    8    6    3    2
 9.718283954751628e-09    8    6    3    3
 0.005633244700679108    8    6    4    1
 -2.67022258299254e-07    8    6    4    2
 -0.01717518557140492    8    6    4    3
 -4.583450958199538e-08    8    6    4    4
 -5.578874638268865e-05    8    6    5    1
 3.055295889615106e-09    8    6    5    2
 0.0001700818280290661    8    6    5    3
 -4.813486918659521e-08    8    6    5    4
 3.678243558365771e-09    8    6    5    5
 -1.571110303260691e-07    8    6    6    1
 0.00410316670924695    8    6    6    2
 -1.458012468892879e-07    8    6    6    3
 -6.291213217899889e-05    8    6    6    4
 6.275857622277222e-07    8    6    6    5
 2.021053118553831e-09    8    6    6    6
 -4.227449620206628e-10    8    6    7    1
 5.406942475407931e-09    8    6    7    2
 1.28969000657976e-09    8    6    7    3
 -1.357064699878218e-06    8    6    7    4
 -5.744942189199831e-05    8    6    7    5
 -9.377050156212957e-10    8    6    7    6
 1.856090924744014e-09    8    6    7    7
 -2.191111088479896e-06    8    6    8    1
 -4.478844113595698e-10    8    6    8    2
 5.788167235109519e-05    8    6    8    3
 -1.384524229813855e-07    8    6    8    4
 1.078599185652868e-09    8    6    8    5
 0.0182159488222826    8    6    8    6
 7.300158370469233e-08    8    7    1    1
 -3.507835689276053e-06    8    7    2    1
 -2.684677260093419e-09    8    7    2    2
 -8.093068989489838e-08    8    7    3    1
 4.428369294615555e-06    8    7    3    2
 2.736653792445426e-08    8    7    3    3
 5.578279267500208e-05    8    7    4    1
 -2.596290343240442e-09    8    7    4    2
 -0.0001700756382951817    8    7    4    3
 -6.469738255335456e-09    8    7    4    4
 0.005633202859715959    8    7    5    1
 -2.67695113499327e-07    8    7    5    2
 -0.01717496676626536    8    7    5    3
 -2.478335397076021e-08    8    7    5    4
 -1.027341249535183e-07    8    7    5    5
 -3.663389942072511e-10    8    7    6    1
 1.471723310537219e-09    8    7    6    2
 1.131178326011045e-09    8    7    6    3
 -3.653343957978042e-06    8    7    6    4
 -5.408459464316343e-06    8    7    6    5
 -4.96660498819846e-09    8    7    6    6
 -1.618040750710057e-07    8    7    7    1
 0.004103166088821715    8    7    7    2
 -1.303465829207258e-07    8    7    7    3
 -5.241733323282978e-08    8    7    7    4
 -4.382711962189138e-06    8    7    7    5
 1.147660825330776e-10    8    7    7    6
 -6.847236352602516e-09    8    7    7    7
 -3.854511025219257e-06    8    7    8    1
 -1.238357790975338e-08    8    7    8    2
 3.303304862571496e-06    8    7    8    3
 -1.261786085979446e-09    8    7    8    4
 -1.383348618733656e-07    8    7    8    5
 1.222489724666447e-09    8    7    8    6
 0.01821593193558542    8    7    8    7
 0.4438860101182743    8    8    1    1
 -1.127307424912289e-06    8    8    2    1
 0.4460960571701747    8    8    2    2
 -0.01496386109360832    8    8    3    1
 2.385592020894529e-07    8    8    3    2
 0.4468180605529264    8    8    3    3
 -1.254316566891539e-06    8    8    4    1
 2.526161057957058e-06    8    8    4    2
 -3.44254948297692e-07    8    8    4    3
 0.419375254639123    8    8    4    4
 -2.10593849985108e-06    8    8    5    1
 -5.156975883758549e-07    8    8    5    2
 -4.504350951258603e-07    8    8    5    3
 -1.923199439665514e-07    8    8    5    4
 0.4193610817027439    8    8    5    5
 -6.402993845506049e-06    8    8    6    1
 3.003543217086938e-09    8    8    6    2
 1.098334587314588e-05    8    8    6    3
 -1.085547351600023e-06    8    8    6    4
 5.832670317185245e-09    8    8    6    5
 0.4129449412199587    8    8    6    6
 -2.89728700702003e-06    8    8    7    1
 -7.834722682676545e-09    8    8    7    2
 1.883276391209162e-06    8    8    7    3
 -9.465951942551704e-09    8    8    7    4
 -1.088858916620032e-06    8    8    7    5
 7.423949338299554e-10    8    8    7    6
 0.4129449378407878    8    8    7    7
 -5.639073035048668e-07    8    8    8    1
 0.02382021554297721    8    8    8    2
 1.192208869489896e-06    8    8    8    3
 1.971592069781406e-08    8    8    8    4
 6.634185257768383e-08    8    8    8    5
 2.712857782197415e-09    8    8    8    6
 -5.669328795911669e-09    8    8    8    7
 0.4618414802837473    8    8    8    8
 1.17020969262508e-06    9    1    1    1
 -1.167899192795504e-07    9    1    2    1
 1.538834469241668e-06    9    1    2    2
 3.44588664823697e-07    9    1    3    1
 -6.160426317308224e-06    9    1    3    2
 1.301475111814231e-06    9    1    3    3
 0.0187179671514558    9    1    4    1
 -6.173399845797672e-08    9    1    4    2
 0.003474319604763041    9    1    4    3
 9.268592305018259e-07    9    1    4    4
 0.0003104009198922176    9    1    5    1
 -3.770867177225006e-10    9    1    5    2
 5.758077180362061e-05    9    1    5    3
 -4.04094725191938e-07    9    1    5    4
 1.410305836486708e-06    9    1    5    5
 -1.207224827564362e-08    9    1    6    1
 0.01934335562419705    9    1    6    2
 -2.891331705369579e-08    9    1    6    3
 -1.852688389882998e-06    9    1    6    4
 4.444298580273334e-07    9    1    6    5
 1.15308472275921e-06    9    1    6    6
 -1.044465102872936e-09    9    1    7    1
 0.0005124673466019018    9    1    7    2
 -8.216590121795757e-10    9    1    7    3
 -1.124213002466622e-06    9    1    7    4
 -2.245509809839012e-06    9    1    7    5
 -2.386672087112036e-07    9    1    7    6
 1.401573911690444e-06    9    1    7    7
 2.960510268507195e-07    9    1    8    1
 -3.006351286854451e-07    9    1    8    2
 1.942616295236732e-06    9    1    8    3
 -5.217949617796733e-08    9    1    8    4
 -8.928605364413339e-10    9    1    8    5
 0.0005366062349179372    9    1    8    6
 1.422972286311053e-05    9    1    8    7
 1.466926726023764e-06    9    1    8    8
 0.01884138384212013    9    1    9    1
 8.97489499196498e-07    9    2    1    1
 3.394274980400091e-06    9    2    2    1
 -7.775474106838962e-07    9    2    2    2
 -6.59902423827014e-06    9    2    3    1
 7.313546193652819e-07    9    2    3    2
 -3.36440049650663e-06    9    2    3    3
 -7.008260874315099e-08    9    2    4    1
 0.02352171076230955    9    2    4    2
 -2.260947467799794e-08    9    2    4    3
 -1.463002916344952e-06    9    2    4    4
 -1.754926083216453e-10    9    2    5    1
 0.0003900022337503282    9    2    5    2
 -1.90202427620607e-10    9    2    5    3
 -5.357852442175957e-08    9    2    5    4
 -2.100754317761673e-06    9    2    5    5
 0.02226415632230556    9    2    6    1
 1.746646134722448e-07    9    2    6    2
 0.002406844321192502    9    2    6    3
 3.145072992286934e-06    9    2    6    4
 -2.347757487356422e-07    9    2    6    5
 -2.701780565849621e-06    9    2    6    6
 0.0005897897516449774    9    2    7    1
 3.426384155454678e-09    9    2    7    2
 6.37541353416896e-05    9    2    7    3
 2.458943427664064e-08    9    2    7    4
 3.276514550440712e-06    9    2    7    5
 -1.917124467188629e-06    9    2    7    6
 -2.179600114643113e-06    9    2    7    7
 -3.172872551528632e-07    9    2    8    1
 7.716003354734341e-08    9    2    8    2
 -3.121662388950793e-06    9    2    8    3
 0.001787932939391008    9    2    8    4
 2.964649789876389e-05    9    2    8    5
 -8.621078691991915e-08    9    2    8    6
 -2.350522702958845e-09    9    2    8    7
 -2.133320557340866e-06    9    2    8    8
 3.677924306630177e-09    9    2    9    1
 0.01885730521807493    9    2    9    2
 2.382726398952484e-07    9    3    1    1
 -2.51983864918312e-05    9    3    2    1
 2.575694765393506e-07    9    3    2    2
 8.614097653131178e-07    9    3    3    1
 -6.523589591467975e-06    9    3    3    2
 1.082721738589259e-07    9    3    3    3
 0.007501417368350357    9    3    4    1
 -3.011846091758632e-08    9    3    4    2
 0.002002849996055895    9    3    4    3
 -8.619187978164099e-08    9    3    4    4
 0.0001243205679993567    9    3    5    1
 1.838998712472208e-10    9    3    5    2
 3.322407084361178e-05    9    3    5    3
 -1.54311717347242e-07    9    3    5    4
 1.176205553149958e-07    9    3    5    5
 -2.428787058059608e-08    9    3    6    1
 0.007092483525537994    9    3    6    2
 2.054189205579768e-08    9    3    6    3
 -2.536883129837208e-05    9    3    6    4
 1.33316612652736e-07    9    3    6    5
 6.046517582735026e-08    9    3    6    6
 -6.504543945280036e-10    9    3    7    1
 0.0001878187093406126    9    3    7    2
 4.898667539689963e-10    9    3    7    3
 -9.52042881358943e-07    9    3    7    4
 -2.264373356629948e-05    9    3    7    5
 -8.674711435283661e-08    9    3    7    6
 1.697350791454404e-07    9    3    7    7
 3.801067975823785e-07    9    3    8    1
 -9.644866449981234e-07    9    3    8    2
 2.23679068658507e-05    9    3    8    3
 -3.560450384915108e-08    9    3    8    4
 -5.91294495029737e-10    9    3    8    5
 -0.00280441060645583    9    3    8    6
 -7.432274062209251e-05    9    3    8    7
 2.622881450255536e-07    9    3    8    8
 0.0002429578021848581    9    3    9    1
 -8.846224754012835e-09    9    3    9    2
 0.009135912220397356    9    3    9    3
 0.0884566304632448    9    4    1    1
 -2.688528392269559e-07    9    4    2    1
 0.09283060376482564    9    4    2    2
 0.006673700446101885    9    4    3    1
 -4.042300081568177e-08    9    4    3    2
 0.07240883819195727    9    4    3    3
 -4.595214291464412e-08    9    4    4    1
 -6.405413783153228e-08    9    4    4    2
 -2.919012478878291e-07    9    4    4    3
 0.09132619551930397    9    4    4    4
 -1.244985582404435e-06    9    4    5    1
 -3.144876581740659e-07    9    4    5    2
 -4.237391074465413e-07    9    4    5    3
 8.210720055771595e-05    9    4    5    4
 0.08139659279276477    9    4    5    5
 -1.342254918889599e-07    9    4    6    1
 8.528404873606307e-07    9    4    6    2
 -5.221594542035335e-06    9    4    6    3
 -2.649930851045327e-07    9    4    6    4
 -4.870602298399577e-10    9    4    6    5
 0.08801091697282037    9    4    6    6
 -6.918843254524473e-07    9    4    7    1
 3.177640433592825e-09    9    4    7    2
 -7.446918516444938e-07    9    4    7    3
 -2.192952417167575e-09    9    4    7    4
 -2.36992485364982e-07    9    4    7    5
 0.0001675116954223318    9    4    7    6
 0.07880834864933865    9    4    7    7
 -2.074425760689823e-08    9    4    8    1
 0.002711830267890638    9    4    8    2
 1.668275395224127e-07    9    4    8    3
 -1.100842944101692e-07    9    4    8    4
 2.678274524773314e-08    9    4    8    5
 -1.304361207452544e-08    9    4    8    6
 -9.342142293315291e-10    9    4    8    7
 0.08407487184578362    9    4    8    8
 9.153781223595867e-07    9    4    9    1
 -1.398122815900067e-06    9    4    9    2
 2.801046388313115e-07    9    4    9    3
 0.06748316534682305    9    4    9    4
 0.001466206603850246    9    5    1    1
 -1.147805381306734e-09    9    5    2    1
 0.001538704105519605    9    5    2    2
 0.0001106078497811406    9    5    3    1
 -3.41631049623858e-10    9    5    3    2
 0.001200204136128924    9    5    3    3
 -3.0696379228238e-07    9    5    4    1
 -3.980568130502057e-09    9    5    4    2
 -8.806729531099965e-08    9    5    4    3
 0.001349261948251713    9    5    4    4
 8.614764798050786e-07    9    5    5    1
 -1.833933527915696e-06    9    5    5    2
 5.225179720192263e-08    9    5    5    3
 0.004958712596906218    9    5    5    4
 0.001513604944591676    9    5    5    5
 4.457033806993698e-07    9    5    6    1
 -1.860051472390715e-07    9    5    6    2
 -9.156092925896332e-08    9    5    6    3
 -1.041159673231298e-09    9    5    6    4
 -1.039260469679845e-08    9    5    6    5
 0.001215047004447546    9    5    6    6
 -1.722170911974349e-06    9    5    7    1
 9.707524586373938e-07    9    5    7    2
 -1.53891247218297e-06    9    5    7    3
 -1.476500297846834e-08    9    5    7    4
 -1.742913150145451e-09    9    5    7    5
 0.004600263255388498    9    5    7    6
 0.00155005194122454    9    5    7    7
 -3.014780439895044e-11    9    5    8    1
 4.495647787472828e-05    9    5    8    2
 9.054672055780412e-11    9    5    8    3
 5.257099174974438e-09    9    5    8    4
 -1.567338777662379e-07    9    5    8    5
 -4.210518849189148e-09    9    5    8    6
 -1.228186361713953e-08    9    5    8    7
 0.00139356544125021    9    5    8    8
 -1.299911361947754e-07    9    5    9    1
 -2.443294611990963e-08    9    5    9    2
 -1.096802521163979e-08    9    5    9    3
 0.000994169457003765    9    5    9    4
 0.007517017524294865    9    5    9    5
 -1.544184846883826e-08    9    6    1    1
 0.08346289361363493    9    6    2    1
 6.779741276169024e-07    9    6    2    2
 -3.758675371456765e-07    9    6    3    1
 0.009550159025868492    9    6    3    2
 6.22772686938363e-07    9    6    3    3
 3.914956914124503e-06    9    6    4    1
 4.041463116230631e-07    9    6    4    2
 -2.432396294639181e-05    9    6    4    3
 -2.506617217781722e-07    9    6    4    4
 6.283306691060136e-06    9    6    5    1
 -7.549060240860742e-07    9    6    5    2
 -1.127762513973456e-06    9    6    5    3
 4.375189038430675e-09    9    6    5    4
 -1.514915189284764e-07    9    6    5    5
 5.696631217847639e-07    9    6    6    1
 -1.601434658384695e-06    9    6    6    2
 -1.068964788242428e-07    9    6    6    3
 0.0829878194425276    9    6    6    4
 -0.0006955335882652055    9    6    6    5
 8.518112567510803e-07    9    6    6    6
 -4.488191120598101e-07    9    6    7    1
 -7.1955946137514e-06    9    6    7    2
 -3.306563738349761e-07    9    6    7    3
 0.000853662963186443    9    6    7    4
 0.07344334964583853    9    6    7    5
 -6.145714272383277e-09    9    6    7    6
 6.878820750724592e-07    9    6    7    7
 0.004372695789992158    9    6    8    1
 -3.710251161304466e-07    9    6    8    2
 -0.06970511700717769    9    6    8    3
 -7.053233755576113e-09    9    6    8    4
 -2.741546369607173e-08    9    6    8    5
 -2.188005049092333e-05    9    6    8    6
 -1.633113264044374e-06    9    6    8    7
 -1.485220824565694e-07    9    6    8    8
 -1.897121924400153e-07    9    6    9    1
 1.502969487066421e-06    9    6    9    2
 -1.641960724481679e-05    9    6    9    3
 1.679023925493076e-08    9    6    9    4
 3.307320563779084e-09    9    6    9    5
 0.06285578412234756    9    6    9    6
 -1.752358612102248e-09    9    7    1    1
 0.002210920940181428    9    7    2    1
 1.64045805694695e-08    9    7    2    2
 -1.006314447283219e-08    9    7    3    1
 0.0002530063915562887    9    7    3    2
 1.534233632479214e-08    9    7    3    3
 -9.275979392804781e-07    9    7    4    1
 -8.810532366252323e-09    9    7    4    2
 -9.419025968251999e-07    9    7    4    3
 -7.066320406108433e-09    9    7    4    4
 -1.73536610305236e-06    9    7    5    1
 8.976601429159333e-07    9    7    5    2
 -1.502876186228286e-06    9    7    5    3
 -1.530339845353926e-08    9    7    5    4
 -5.554265155615997e-09    9    7    5    5
 -1.241322669903733e-07    9    7    6    1
 -1.556420080057633e-06    9    7    6    2
 -5.365946431519902e-08    9    7    6    3
 0.001992884415675601    9    7    6    4
 0.00474906678913527    9    7    6    5
 1.779680094495003e-08    9    7    6    6
 8.149164851572548e-07    9    7    7    1
 -2.22280133034112e-06    9    7    7    2
 1.13259200537118e-07    9    7    7    3
 0.004790693788223371    9    7    7    4
 0.002150971258076224    9    7    7    5
 4.268112180712312e-08    9    7    7    6
 1.87073022612887e-08    9    7    7    7
 0.00011579360521079    9    7    8    1
 -9.819530655970636e-09    9    7    8    2
 -0.001846490490553777    9    7    8    3
 -2.849776835694975e-10    9    7    8    4
 -2.098154883734217e-08    9    7    8    5
 -6.42240928716844e-07    9    7    8    6
 -1.825437531386365e-07    9    7    8    7
 -5.291566569368352e-09    9    7    8    8
 -9.834004574166697e-07    9    7    9    1
 3.711621687546758e-08    9    7    9    2
 -4.285294727620645e-07    9    7    9    3
 -3.436365358064527e-10    9    7    9    4
 1.563288562724366e-09    9    7    9    5
 0.00147955126551866    9    7    9    6
 0.007031260076075169    9    7    9    7
 -5.420993308266222e-07    9    8    1    1
 -1.126859398060869e-06    9    8    2    1
 -5.567086355480128e-07    9    8    2    2
 1.281327397572315e-06    9    8    3    1
 -9.951369769053494e-07    9    8    3    2
 1.916880467936279e-06    9    8    3    3
 -4.712659279544219e-08    9    8    4    1
 0.00218820641713997    9    8    4    2
 -1.21968159200974e-08    9    8    4    3
 -7.983340601234367e-07    9    8    4    4
 -7.790885207804896e-10    9    8    5    1
 3.628028526171072e-05    9    8    5    2
 -3.136146923980217e-10    9    8    5    3
 7.629103173118529e-09    9    8    5    4
 -8.087934288095509e-07    9    8    5    5
 0.002145295361099073    9    8    6    1
 -5.614971831624984e-08    9    8    6    2
 -0.0045451809977769    9    8    6    3
 -9.999555559277177e-07    9    8    6    4
 -8.959045907913209e-09    9    8    6    5
 -3.608217760114017e-06    9    8    6    6
 5.68238153025877e-05    9    8    7    1
 -1.466007249716568e-09    9    8    7    2
 -0.0001204137978794221    9    8    7    3
 -1.059675040899997e-08    9    8    7    4
 -9.901698523651544e-07    9    8    7    5
 -2.96525094832398e-07    9    8    7    6
 -6.797960036555541e-07    9    8    7    7
 8.302075505767816e-07    9    8    8    1
 -2.03288782686094e-06    9    8    8    2
 1.115737112451464e-06    9    8    8    3
 0.005782783982862673    9    8    8    4
 9.587802594764524e-05    9    8    8    5
 -1.254322154842606e-08    9    8    8    6
 -5.860323647998899e-10    9    8    8    7
 -7.907613147013755e-07    9    8    8    8
 -5.144499381839348e-08    9    8    9    1
 0.0006658879710477379    9    8    9    2
 3.953348811161836e-09    9    8    9    3
 -1.599337050479948e-07    9    8    9    4
 -3.088027034194002e-10    9    8    9    5
 -3.031031817516902e-07    9    8    9    6
 -8.183082334566433e-09    9    8    9    7
 0.007209016565069593    9    8    9    8
 0.3794576847734369    9    9    1    1
 8.141407319361198e-08    9    9    2    1
 0.3812736127157885    9    9    2    2
 -0.0132860887387241    9    9    3    1
 -1.024067170321908e-07    9    9    3    2
 0.362678727202042    9    9    3    3
 -2.232990649653804e-07    9    9    4    1
 6.133638325206785e-07    9    9    4    2
 -1.156678295891535e-07    9    9    4    3
 0.3884788755775388    9    9    4    4
 -1.52501564458511e-06    9    9    5    1
 -4.285933198918678e-07    9    9    5    2
 -3.082488882291054e-07    9    9    5    3
 0.0004050584523476398    9    9    5    4
 0.3640271122312133    9    9    5    5
 -5.037327867168729e-06    9    9    6    1
 6.04472488067625e-07    9    9    6    2
 -5.372792442230052e-06    9    9    6    3
 1.769501391716036e-08    9    9    6    4
 -2.088210386298316e-09    9    9    6    5
 0.3831300253294622    9    9    6    6
 -1.998976617061612e-06    9    9    7    1
 1.022150864991159e-08    9    9    7    2
 1.004570027564368e-06    9    9    7    3
 8.230243599497476e-10    9    9    7    4
 1.431421324334429e-08    9    9    7    5
 0.0006413037764393948    9    9    7    6
 0.3589298068075812    9    9    7    7
 -1.280465583109667e-07    9    9    8    1
 0.02147274886706485    9    9    8    2
 2.332977115013654e-08    9    9    8    3
 -1.183014671760583e-07    9    9    8    4
 4.629163954239467e-08    9    9    8    5
 -1.729924490348581e-08    9    9    8    6
 -5.63631438018204e-09    9    9    8    7
 0.3690183014049113    9    9    8    8
 1.153322788139334e-06    9    9    9    1
 -1.696816594018082e-06    9    9    9    2
 -4.293397274448062e-09    9    9    9    3
 0.06620686711502709    9    9    9    4
 0.001097330706749226    9    9    9    5
 2.242792302180679e-07    9    9    9    6
 5.144551966061243e-09    9    9    9    7
 -7.125243069385411e-07    9    9    9    8
 0.3579497662011727    9    9    9    9
 1.784506257379631e-06   10    1    1    1
 9.999501391303957e-06   10    1    2    1
 2.417266017434749e-06   10    1    2    2
 4.466917151119569e-07   10    1    3    1
 8.218157774120088e-07   10    1    3    2
 2.05903826245601e-06   10    1    3    3
 -0.0003102116964637135   10    1    4    1
 4.595795324403307e-09   10    1    4    2
 -5.758256573548962e-05   10    1    4    3
 2.253157050167308e-06   10    1    4    4
 0.01872229134198391   10    1    5    1
 -5.247076244606459e-08   10    1    5    2
 0.00347433219068108   10    1    5    3
 -2.418128087404299e-07   10    1    5    4
 1.444720479401173e-06   10    1    5    5
 1.746016528820168e-09   10    1    6    1
 -0.000512266017661259   10    1    6    2
 7.450803072020367e-10   10    1    6    3
 7.605349370108342e-06   10    1    6    4
 5.536633253032665e-08   10    1    6    5
 2.232354812346438e-06   10    1    6    6
 -2.06078827233892e-08   10    1    7    1
 0.01934931735150713   10    1    7    2
 -3.055884351671627e-08   10    1    7    3
 3.372404120735473e-07   10    1    7    4
 6.925017318841094e-06   10    1    7    5
 -1.242405189673215e-07   10    1    7    6
 1.755020362857766e-06   10    1    7    7
 4.145336939660216e-07   10    1    8    1
 -3.777833818531947e-07   10    1    8    2
 -7.223847799607744e-06   10    1    8    3
 1.112477174824259e-09   10    1    8    4
 -5.192518934502442e-08   10    1    8    5
 -1.421582624920447e-05   10    1    8    6
 0.0005370801643339211   10    1    8    7
 2.316901762137648e-06   10    1    8    8
 9.514522721123851e-08   10    1    9    1
 1.055350221301705e-09   10    1    9    2
 2.211883596022732e-08   10    1    9    3
 1.093297898916342e-06   10    1    9    4
 3.115015445669688e-07   10    1    9    5
 4.608840987166126e-06   10    1    9    6
 -1.737509776179615e-08   10    1    9    7
 8.697445586485881e-11   10    1    9    8
 1.494304354286487e-06   10    1    9    9
 0.0188445354251532   10    1   10    1
 4.072305838060547e-06   10    2    1    1
 5.466913117247352e-06   10    2    2    1
 9.420075747805939e-08   10    2    2    2
 6.552938835354256e-09   10    2    3    1
 1.102087584205439e-06   10    2    3    2
 3.099782851318626e-07   10    2    3    3
 5.28736968534907e-09   10    2    4    1
 -0.0003898254226069061   10    2    4    2
 -1.097998567683205e-09   10    2    4    3
 3.892251688309185e-07   10    2    4    4
 -5.917612909213836e-08   10    2    5    1
 0.02352575444461363   10    2    5    2
 -2.063510831969343e-08   10    2    5    3
 3.189396313579581e-07   10    2    5    4
 2.820476222102251e-07   10    2    5    5
 -0.0005896042949471806   10    2    6    1
 -3.22630038934753e-09   10    2    6    2
 -6.373750555878755e-05   10    2    6    3
 5.313503254212771e-06   10    2    6    4
 -4.708774155320067e-08   10    2    6    5
 4.165431126620362e-07   10    2    6    6
 0.02226965116665397   10    2    7    1
 1.634851464078783e-07   10    2    7    2
 0.002407320240753837   10    2    7    3
 -8.449275745088983e-08   10    2    7    4
 5.103106130742605e-06   10    2    7    5
 -2.612995352372748e-07   10    2    7    6
 -3.418614470640487e-06   10    2    7    7
 -4.189690302298088e-07   10    2    8    1
 -1.398457938507211e-08   10    2    8    2
 -5.046888751217797e-06   10    2    8    3
 -2.963138692182738e-05   10    2    8    4
 0.001788278211141186   10    2    8    5
 8.616650369696249e-10   10    2    8    6
 -8.619960417097316e-08   10    2    8    7
 4.1505670408372e-07   10    2    8    8
 7.22370183453192e-10   10    2    9    1
 1.195773324602979e-07   10    2    9    2
 -2.56321776981604e-10   10    2    9    3
 1.5355112877756e-07   10    2    9    4
 -6.438640740974372e-07   10    2    9    5
 1.919989612385208e-06   10    2    9    6
 3.670009693051405e-07   10    2    9    7
 9.632971701807416e-09   10    2    9    8
 2.383732528993696e-07   10    2    9    9
 4.111134941271577e-09   10    2   10    1
 0.0188612650007411   10    2   10    2
 1.894156794024736e-07   10    3    1    1
 -9.526712978249149e-08   10    3    2    1
 2.385317485125591e-07   10    3    2    2
 1.392810621314627e-06   10    3    3    1
 1.601846617757135e-07   10    3    3    2
 -2.123998342789781e-09   10    3    3    3
 -0.0001243221889869485   10    3    4    1
 3.673629626660838e-10   10    3    4    2
 -3.319270574296725e-05   10    3    4    3
 4.285466518673693e-08   10    3    4    4
 0.007501431421393359   10    3    5    1
 -2.670517632530085e-08   10    3    5    2
 0.002003547844614718   10    3    5    3
 -1.019348872484558e-07   10    3    5    4
 -2.658061403561409e-07   10    3    5    5
 4.597972280484395e-10   10    3    6    1
 -0.0001878102853602169   10    3    6    2
 -5.094580760087578e-10   10    3    6    3
 -5.258594711443321e-07   10    3    6    4
 -1.291173239796411e-06   10    3    6    5
 1.321077154616139e-07   10    3    6    6
 -2.783636522315219e-08   10    3    7    1
 0.007092669730652876   10    3    7    2
 1.956516732690506e-08   10    3    7    3
 -1.433146225862021e-06   10    3    7    4
 -1.344574344520935e-06   10    3    7    5
 -5.462475813990954e-08   10    3    7    6
 -4.139411573754489e-08   10    3    7    7
 -6.764116122503286e-07   10    3    8    1
 -1.574378945886265e-06   10    3    8    2
 5.658610819626233e-07   10    3    8    3
 -2.512472392296269e-10   10    3    8    4
 -3.697541415276489e-08   10    3    8    5
 7.427434232827245e-05   10    3    8    6
 -0.002805864242951298   10    3    8    7
 2.104225122873086e-07   10    3    8    8
 3.202550356803609e-08   10    3    9    1
 -1.379042526704738e-10   10    3    9    2
 1.035040348695148e-08   10    3    9    3
 2.218559807306794e-07   10    3    9    4
 1.122312138497839e-07   10    3    9    5
 -4.417485406419097e-07   10    3    9    6
 -2.306638133178922e-06   10    3    9    7
 -1.649450449351714e-10   10    3    9    8
 -8.630054119299038e-08   10    3    9    9
 0.0002438816674442188   10    3   10    1
 -8.354048029323576e-09   10    3   10    2
 0.00913624419637827   10    3   10    3
 -0.001465998998489183   10    4    1    1
 1.677737982922936e-08   10    4    2    1
 -0.001538489359454964   10    4    2    2
 -0.0001106042131077432   10    4    3    1
 1.943098036836204e-09   10    4    3    2
 -0.00120003773800224   10    4    3    3
 1.453647336490684e-06   10    4    4    1
 3.601948744945292e-07   10    4    4    2
 8.379491596241731e-08   10    4    4    3
 -0.00151355610133654   10    4    4    4
 -1.68384400495239e-07   10    4    5    1
 1.76173969833127e-07   10    4    5    2
 -4.932279219055362e-08   10    4    5    3
 0.004961210051896177   10    4    5    4
 -0.001349027557296697   10    4    5    5
 7.870596944204241e-07   10    4    6    1
 1.589359022333595e-06   10    4    6    2
 6.429532731144572e-08   10    4    6    3
 1.649855076930564e-08   10    4    6    4
 -1.25659058976937e-08   10    4    6    5
 -0.001549831788228365   10    4    6    6
 2.419290527983392e-07   10    4    7    1
 -1.073405216964694e-07   10    4    7    2
 -1.36194280595861e-06   10    4    7    3
 -1.692857453686431e-08   10    4    7    4
 1.518196816571712e-08   10    4    7    5
 0.004602740902865366   10    4    7    6
 -0.001214877930072946   10    4    7    7
 4.174447815038074e-10   10    4    8    1
 -4.494327919211075e-05   10    4    8    2
 -1.312237436781651e-08   10    4    8    3
 3.49265128062655e-08   10    4    8    4
 1.274008061831585e-09   10    4    8    5
 7.781917755847958e-09   10    4    8    6
 -1.927042821282006e-09   10    4    8    7
 -0.001393380032265741   10    4    8    8
 4.519394956952356e-07   10    4    9    1
 1.479185352036893e-07   10    4    9    2
 1.648537281614692e-07   10    4    9    3
 -0.0009940673585307287   10    4    9    4
 0.007484643144778386   10    4    9    5
 3.490227698190751e-09   10    4    9    6
 -1.631087461568778e-09   10    4    9    7
 2.832606492677626e-08   10    4    9    8
 -0.001033130491330452   10    4    9    9
 -1.206357106685584e-07   10    4   10    1
 1.760469241710426e-08   10    4   10    2
 -1.894471282815053e-08   10    4   10    3
 0.007518175441673451   10    4   10    4
 0.08846138253865378   10    5    1    1
 -2.289288245726786e-07   10    5    2    1
 0.09283551414793455   10    5    2    2
 0.006673791485983006   10    5    3    1
 -3.561173207491821e-08   10    5    3    2
 0.07241264146803074   10    5    3    3
 -7.391518194095467e-07   10    5    4    1
 1.593856893996001e-06   10    5    4    2
 -2.948677542471995e-07   10    5    4    3
 0.08140951212162281   10    5    4    4
 -9.845894693038451e-08   10    5    5    1
 4.169214409946084e-08   10    5    5    2
 -4.280412747928484e-07   10    5    5    3
 -8.232858225191696e-05   10    5    5    4
 0.09131975433665042   10    5    5    5
 1.346063003395319e-06   10    5    6    1
 -1.063738657073634e-08   10    5    6    2
 -2.320932646398221e-06   10    5    6    3
 -2.005181615898107e-07   10    5    6    4
 -9.440341288285792e-10   10    5    6    5
 0.07881236196330114   10    5    6    6
 5.40846942149066e-07   10    5    7    1
 1.40643517304317e-06   10    5    7    2
 -7.719681834874745e-07   10    5    7    3
 2.819560299001675e-10   10    5    7    4
 -2.271699695219215e-07   10    5    7    5
 -0.0001674677037280989   10    5    7    6
 0.08801580189099339   10    5    7    7
 -1.870405508841887e-08   10    5    8    1
 0.002712131876533286   10    5    8    2
 1.335128788001228e-07   10    5    8    3
 4.538576076775458e-08   10    5    8    4
 6.69622620160837e-08   10    5    8    5
 1.153730278776116e-09   10    5    8    6
 2.636770762530671e-09   10    5    8    7
 0.08407911195551337   10    5    8    8
 7.245864776251618e-07   10    5    9    1
 -7.720241695159038e-07   10    5    9    2
 1.868109036020267e-07   10    5    9    3
 0.05248304012079558   10    5    9    4
 0.0009942299045321333   10    5    9    5
 3.634129079449977e-08   10    5    9    6
 8.815281649447959e-10   10    5    9    7
 -8.990924677394284e-08   10    5    9    8
 0.0623458360480672   10    5    9    9
 1.415358506822827e-06   10    5   10    1
 2.770794662932301e-07   10    5   10    2
 3.757425968158357e-07   10    5   10    3
 -0.0009941278082741696   10    5   10    4
 0.06748739409972235   10    5   10    5
 -2.465162079457219e-09   10    6    1    1
 -0.002210270244891694   10    6    2    1
 -2.113200219052902e-08   10    6    2    2
 9.825031931970314e-09   10    6    3    1
 -0.0002529130808525962   10    6    3    2
 -1.930905963312829e-08   10    6    3    3
 7.256217969717685e-07   10    6    4    1
 1.500136506456756e-06   10    6    4    2
 5.600120778151589e-07   10    6    4    3
 5.104156124818129e-09   10    6    4    4
 1.162604098054369e-06   10    6    5    1
 5.250873428475002e-09   10    6    5    2
 -1.012129568963241e-06   10    6    5    3
 -1.316754596425086e-08   10    6    5    4
 -1.707856887424228e-10   10    6    5    5
 1.34460479434928e-06   10    6    6    1
 4.148452389938632e-07   10    6    6    2
 1.884842948685133e-07   10    6    6    3
 -0.002150427397797258   10    6    6    4
 0.004791527203079061   10    6    6    5
 -2.500535239179173e-08   10    6    6    6
 -5.054916995492525e-08   10    6    7    1
 1.296337964197793e-06   10    6    7    2
 -2.302241089353639e-08   10    6    7    3
 0.004751090917522882   10    6    7    4
 -0.001992216344002358   10    6    7    5
 4.526761917926892e-08   10    6    7    6
 -2.274993502171905e-08   10    6    7    7
 -0.0001157899551942496   10    6    8    1
 9.148897903597796e-09   10    6    8    2
 0.001845938295778377   10    6    8    3
 -7.660186727597801e-09   10    6    8    4
 9.866942710323039e-10   10    6    8    5
 6.063345120091444e-07   10    6    8    6
 -8.153036530779452e-07   10    6    8    7
 8.166440195601851e-10   10    6    8    8
 6.912468065928385e-07   10    6    9    1
 4.806347468946312e-07   10    6    9    2
 3.532284391016871e-07   10    6    9    3
 -2.480769955568193e-09   10    6    9    4
 4.941497827780347e-09   10    6    9    5
 -0.001479304395712529   10    6    9    6
 0.006953294999612773   10    6    9    7
 2.492190186711095e-08   10    6    9    8
 -7.251117099201226e-09   10    6    9    9
 -8.233376276778481e-07   10    6   10    1
 -6.463862774998086e-08   10    6   10    2
 6.34567367977616e-07   10    6   10    3
 1.786259174256626e-09   10    6   10    4
 -4.03729302713457e-09   10    6   10    5
 0.007032051408884602   10    6   10    6
 -5.651518653177169e-08   10    7    1    1
 0.08348215023697882   10    7    2    1
 6.34847164723403e-07   10    7    2    2
 -3.790829675924272e-07   10    7    3    1
 0.009552906739617031   10    7    3    2
 5.892302859700514e-07   10    7    3    3
 4.488598698771405e-06   10    7    4    1
 -4.98917426959085e-07   10    7    4    2
 -2.181394164515629e-05   10    7    4    3
 -2.579793008550554e-07   10    7    4    4
 6.082419438076657e-06   10    7    5    1
 7.362080079366151e-07   10    7    5    2
 -1.509745680368809e-06   10    7    5    3
 6.258336361731126e-09   10    7    5    4
 -2.157313803593789e-07   10    7    5    5
 -1.946777111775133e-07   10    7    6    1
 -6.755128906774001e-07   10    7    6    2
 -1.971532950380102e-07   10    7    6    3
 0.07346473132821665   10    7    6    4
 -0.0008538418703154907   10    7    6    5
 7.206312097199396e-07   10    7    6    6
 7.716697383058946e-07   10    7    7    1
 -8.339285252306743e-06   10    7    7    2
 -1.958741644411684e-07   10    7    7    3
 0.0006956733205659751   10    7    7    4
 0.08300263967464222   10    7    7    5
 -7.730477429029987e-09   10    7    7    6
 7.325806750283006e-07   10    7    7    7
 0.00437280971350544   10    7    8    1
 -3.721126946660872e-07   10    7    8    2
 -0.0697214539581089   10    7    8    3
 1.294938975821117e-08   10    7    8    4
 -3.536037016159488e-08   10    7    8    5
 -2.088751659049794e-05   10    7    8    6
 -1.669210213920191e-06   10    7    8    7
 -1.877541067582606e-07   10    7    8    8
 6.50790449421596e-07   10    7    9    1
 1.200980924356986e-06   10    7    9    2
 -1.474977195660393e-05   10    7    9    3
 -1.121647090597492e-08   10    7    9    4
 2.702133902835421e-09   10    7    9    5
 0.0488778275714493   10    7    9    6
 0.001479750077853972   10    7    9    7
 -3.072770806597705e-07   10    7    9    8
 1.81898197614716e-07   10    7    9    9
 4.317225851352521e-06   10    7   10    1
 2.438300484092571e-06   10    7   10    2
 -5.171090522173913e-07   10    7   10    3
 4.427918870871046e-09   10    7   10    4
 1.499676215676444e-08   10    7   10    5
 -0.001479503154806484   10    7   10    6
 0.06286977407807531   10    7   10    7
 6.585666299180731e-07   10    8    1    1
 -1.480527882888625e-06   10    8    2    1
 2.515515699851372e-07   10    8    2    2
 -8.681898693570799e-07   10    8    3    1
 -1.569050427317543e-06   10    8    3    2
 3.600809981001154e-07   10    8    3    3
 1.001645927243048e-09   10    8    4    1
 -3.626516018435122e-05   10    8    4    2
 -3.222731525206154e-10   10    8    4    3
 2.925732567028978e-07   10    8    4    4
 -4.617025832691351e-08   10    8    5    1
 0.002188551694491868   10    8    5    2
 -1.465815815165758e-08   10    8    5    3
 5.235612237681576e-09   10    8    5    4
 3.078128693475452e-07   10    8    5    5
 -5.681109029596035e-05   10    8    6    1
 1.138621019589996e-09   10    8    6    2
 0.0001203685372757751   10    8    6    3
 -1.292275981307715e-06   10    8    6    4
 1.348103597006241e-08   10    8    6    5
 3.356438155382571e-07   10    8    6    6
 0.002145678584164297   10    8    7    1
 -5.684084567789059e-08   10    8    7    2
 -0.004546519193382528   10    8    7    3
 -2.324265248668231e-08   10    8    7    4
 -1.311803542854032e-06   10    8    7    5
 -1.464632723857355e-06   10    8    7    6
 -2.574897377171833e-07   10    8    7    7
 1.34398975009748e-06   10    8    8    1
 4.453087127233591e-07   10    8    8    2
 1.470840703028869e-06   10    8    8    3
 -9.583816563572345e-05   10    8    8    4
 0.005783695835341384   10    8    8    5
 9.090848681986332e-10   10    8    8    6
 -1.555553210297176e-08   10    8    8    7
 2.991923750665918e-07   10    8    8    8
 1.790038813283846e-11   10    8    9    1
 1.050599693070947e-08   10    8    9    2
 6.5783909631444e-11   10    8    9    3
 1.07302194537174e-07   10    8    9    4
 -6.774903814835329e-08   10    8    9    5
 -3.779025450241947e-07   10    8    9    6
 -5.517085585034805e-09   10    8    9    7
 2.938840414510198e-08   10    8    9    8
 2.430781753339728e-07   10    8    9    9
 -5.150514447740892e-08   10    8   10    1
 0.0006662226250638949   10    8   10    2
 3.750435273533233e-09   10    8   10    3
 -2.297319067098753e-09   10    8   10    4
 1.353275882944632e-07   10    8   10    5
 9.602219113339906e-09   10    8   10    6
 -3.612704707297714e-07   10    8   10    7
 0.007209990003049005   10    8   10    8
 4.493747482854575e-07   10    9    1    1
 3.235714636959552e-09   10    9    2    1
 4.715744914508706e-07   10    9    2    2
 3.356219146172756e-08   10    9    3    1
 2.058275436267939e-10   10    9    3    2
 3.679022715941044e-07   10    9    3    3
 5.28265996757392e-07   10    9    4    1
 1.399495188723422e-07   10    9    4    2
 7.820407631298557e-08   10    9    4    3
 -0.0004047652559213675   10    9    4    4
 3.521986463281822e-07   10    9    5    1
 -6.289052136320783e-07   10    9    5    2
 5.869747869842882e-08   10    9    5    3
 0.01222088205832676   10    9    5    4
 0.0004056229981828127   10    9    5    5
 1.148035720972321e-06   10    9    6    1
 4.724967624074588e-07   10    9    6    2
 -3.384756704713193e-08   10    9    6    3
 2.370677795119177e-09   10    9    6    4
 5.979804767660746e-09   10    9    6    5
 -0.0006408768944476793   10    9    6    6
 1.366481220429803e-07   10    9    7    1
 3.129422024390053e-07   10    9    7    2
 -3.671737329959301e-06   10    9    7    3
 -5.303937176057297e-09   10    9    7    4
 3.557552633786626e-09   10    9    7    5
 0.01210049749603714   10    9    7    6
 0.0006417241839168962   10    9    7    7
 1.826001254575562e-10   10    9    8    1
 1.3762684823522e-08   10    9    8    2
 -2.635683239689429e-09   10    9    8    3
 3.403310472387822e-08   10    9    8    4
 -5.504978627210021e-08   10    9    8    5
 -6.592027409575556e-09   10    9    8    6
 -9.768031618934648e-09   10    9    8    7
 4.270834145558558e-07   10    9    8    8
 1.64225960331591e-07   10    9    9    1
 4.135131232719634e-08   10    9    9    2
 -1.599028331625647e-08   10    9    9    3
 -3.169452204916796e-05   10    9    9    4
 0.001931408994105086   10    9    9    5
 1.484957378871963e-09   10    9    9    6
 5.824708323496873e-09   10    9    9    7
 1.083643970691882e-08   10    9    9    8
 3.363105212011188e-07   10    9    9    9
 1.024724826029061e-07   10    9   10    1
 -1.976053127321558e-07   10    9   10    2
 -1.135188366065003e-08   10    9   10    3
 0.001933462691646269   10    9   10    4
 3.233775167276026e-05   10    9   10    5
 6.749573498860093e-09   10    9   10    6
 2.663910111929551e-09   10    9   10    7
 -1.462397185260898e-08   10    9   10    8
 0.01230048487408019   10    9   10    9
 0.3794725750628305   10   10    1    1
 8.242015170132062e-08   10   10    2    1
 0.381289239045266   10   10    2    2
 -0.01328496531159234   10   10    3    1
 -1.021022168836318e-07   10   10    3    2
 0.3626909136305211   10   10    3    3
 -9.276918208611331e-07   10   10    4    1
 1.871167531267949e-06   10   10    4    2
 -2.331079366378661e-07   10   10    4    3
 0.3640513240070256   10   10    4    4
 -4.684753744080494e-07   10   10    5    1
 -1.486928663061369e-07   10   10    5    2
 -1.518914130627906e-07   10   10    5    3
 -0.0004053298578111297   10   10    5    4
 0.388483087614749   10   10    5    5
 -5.310687103317333e-06   10   10    6    1
 -2.12384076521087e-08   10   10    6    2
 1.970026628440038e-06   10   10    6    3
 1.782137216353184e-08   10   10    6    4
 -5.44316401392513e-09   10   10    6    5
 0.358943071616311   10   10    6    6
 2.971132147403534e-07   10   10    7    1
 9.554761739712889e-07   10   10    7    2
 9.367886049368518e-07   10   10    7    3
 1.803737593210927e-09   10   10    7    4
 1.579218259018386e-08   10   10    7    5
 -0.0006412972936353578   10   10    7    6
 0.3831448433237953   10   10    7    7
 -1.28034297062763e-07   10   10    8    1
 0.02147320535760322   10   10    8    2
 2.247382369897785e-08   10   10    8    3
 -8.217827528153644e-09   10   10    8    4
 1.143671259914058e-07   10   10    8    5
 2.234656806795872e-09   10   10    8    6
 -1.881759642650176e-08   10   10    8    7
 0.3690324537952487   10   10    8    8
 9.486274475857168e-07   10   10    9    1
 -1.301946886498066e-06   10   10    9    2
 1.847377511486444e-08   10   10    9    3
 0.06235208398367306   10   10    9    4
 0.001033590255218093   10   10    9    5
 2.113973288889086e-07   10   10    9    6
 5.087864322033892e-09   10   10    9    7
 -6.83310972175475e-07   10   10    9    8
 0.3333599409783629   10   10    9    9
 1.823095376420605e-06   10   10   10    1
 3.211651972220834e-07   10   10   10    2
 -1.182038324822409e-07   10   10   10    3
 -0.001097454550189519   10   10   10    4
 0.06622079664324995   10   10   10    5
 -9.552894973730725e-09   10   10   10    6
 1.941593031415865e-07   10   10   10    7
 2.647812186014067e-07   10   10   10    8
 3.363722624887002e-07   10   10   10    9
 0.3579720572903604   10   10   10   10
 -4.512239342255508    1    1  0  0
 -8.028884304876678e-07    2    1  0  0
 -4.501481943927128    2    2  0  0
 0.1489235009796331    3    1  0  0
 1.265217197977557e-06    3    2  0  0
 -3.991220092867818    3    3  0  0
 1.149432387196994e-05    4    1  0  0
 -1.792462454388835e-05    4    2  0  0
 2.27419051769136e-06    4    3  0  0
 -3.983795426883759    4    4  0  0
 1.900314970438746e-05    5    1  0  0
 3.744489001765581e-06    5    2  0  0
 3.02894793904924e-06    5    3  0  0
 1.449327334619402e-06    5    4  0  0
 -3.983688612091234    5    5  0  0
 8.248132592394125e-05    6    1  0  0
 -3.511864490019138e-08    6    2  0  0
 -3.330116244056183e-05    6    3  0  0
 -2.320209223197593e-07    6    4  0  0
 4.06117500524432e-08    6    5  0  0
 -3.910940165083303    6    6  0  0
 5.382259017688904e-05    7    1  0  0
 1.393120884208769e-07    7    2  0  0
 -1.420688523490618e-05    7    3  0  0
 -1.215646378873505e-08    7    4  0  0
 -1.954350408322023e-07    7    5  0  0
 -7.642910967434257e-09    7    6  0  0
 -3.910940154785716    7    7  0  0
 3.16500200311541e-06    8    1  0  0
 -0.2038038619885841    8    2  0  0
 -5.264450732674166e-07    8    3  0  0
 9.390218222299737e-09    8    4  0  0
 -5.737714197121028e-07    8    5  0  0
 -1.271729807499242e-08    8    6  0  0
 4.777841752462764e-08    8    7  0  0
 -3.981815180857528    8    8  0  0
 -2.742863701252829e-05    9    1  0  0
 5.292051537660553e-05    9    2  0  0
 -4.915480658940321e-06    9    3  0  0
 -0.6335963728549985    9    4  0  0
 -0.01050520424216542    9    5  0  0
 -2.149039379853509e-06    9    6  0  0
 -3.353874733252355e-08    9    7  0  0
 7.438021409866045e-06    9    8  0  0
 -2.732984993771941    9    9  0  0
 -4.417590248484783e-05   10    1  0  0
 -1.101296287665565e-05   10    2  0  0
 -5.378200420174999e-06   10    3  0  0
 0.01050059771139612   10    4  0  0
 -0.6337017127020917   10    5  0  0
 3.558146485610719e-08   10    6  0  0
 -1.856693980103647e-06   10    7  0  0
 -1.90139153620934e-06   10    8  0  0
 -3.2189474239761e-06   10    9  0  0
 -2.733091653013883   10   10  0  0
 -84.17436164893778  0  0  0  0
