 &FCI NORB=  10,NELEC=10,MS2=0,
  ORBSYM=1,1,1,1,1,1,1,1,1,1,
  ISYM=1,
 &END
 0.734707876480405    1    1    1    1
 0.03589248101142142    2    1    1    1
 0.02972834677073559    2    1    2    1
 0.6755070746096242    2    2    1    1
 0.035882707690772    2    2    2    1
 0.731819233528842    2    2    2    2
 -0.005418011061168195    3    1    1    1
 -0.0009874591149404918    3    1    2    1
 -0.003816620329962923    3    1    2    2
 0.02432264789614783    3    1    3    1
 0.01792095648552105    3    2    1    1
 0.0001512315623771698    3    2    2    1
 0.01506675785730615    3    2    2    2
 0.002763003033619128    3    2    3    1
 0.01741740965670182    3    2    3    2
 0.6052427301254707    3    3    1    1
 0.02334615912712591    3    3    2    1
 0.6199003592497242    3    3    2    2
 -0.003620834309763905    3    3    3    1
 0.01319713773078652    3    3    3    2
 0.5882506813133491    3    3    3    3
 0.008405981537651862    4    1    1    1
 -0.001540333687417272    4    1    2    1
 0.01171879234187598    4    1    2    2
 -0.00124003630634999    4    1    3    1
 0.001307852795708158    4    1    3    2
 0.005456106852472278    4    1    3    3
 0.01664776223311406    4    1    4    1
 -0.009476700189104693    4    2    1    1
 -0.00192449029287568    4    2    2    1
 -0.01364509874762266    4    2    2    2
 0.005163018256755067    4    2    3    1
 -0.001219979505670735    4    2    3    2
 -0.01870821121055845    4    2    3    3
 0.002245710394291167    4    2    4    1
 0.02479383671109693    4    2    4    2
 0.02001865342776581    4    3    1    1
 -0.004399315498688096    4    3    2    1
 0.01894752492744388    4    3    2    2
 -0.0002165397372315864    4    3    3    1
 0.004415539505278236    4    3    3    2
 0.01646192318965054    4    3    3    3
 0.004363745047678107    4    3    4    1
 0.0002396963833737093    4    3    4    2
 0.02004709286660714    4    3    4    3
 0.6247307026332658    4    4    1    1
 0.02447805948606135    4    4    2    1
 0.6067012115434478    4    4    2    2
 -0.01178912625228674    4    4    3    1
 0.01005923996964212    4    4    3    2
 0.5487733735760529    4    4    3    3
 0.00735468557635922    4    4    4    1
 -0.01072472906514114    4    4    4    2
 0.01683205465720241    4    4    4    3
 0.5920574065623847    4    4    4    4
 0.0007551220093627976    5    1    1    1
 -0.001144970752083258    5    1    2    1
 0.006074986107146924    5    1    2    2
 -0.0002892064465786678    5    1    3    1
 -0.0002235944144406611    5    1    3    2
 -0.004275038659181108    5    1    3    3
 0.004840097200782632    5    1    4    1
 0.007358331172262248    5    1    4    2
 0.003458474394113633    5    1    4    3
 0.001227878385536812    5    1    4    4
 0.0236781892815347    5    1    5    1
 -0.0009497549484426209    5    2    1    1
 -0.002572373175343952    5    2    2    1
 -0.003399221303061307    5    2    2    2
 0.007287971273240681    5    2    3    1
 0.004824769659127072    5    2    3    2
 0.001019804831988415    5    2    3    3
 -0.0005837415558941773    5    2    4    1
 -0.0008351641407272958    5    2    4    2
 0.003057629319344014    5    2    4    3
 -0.007503036764257957    5    2    4    4
 -0.002953897281154244    5    2    5    1
 0.02297239242461915    5    2    5    2
 0.02212423921013093    5    3    1    1
 -0.004889382083781194    5    3    2    1
 0.01148623560543939    5    3    2    2
 0.002223662410555347    5    3    3    1
 -0.0008707463068418115    5    3    3    2
 0.01832475574667386    5    3    3    3
 -0.002837114447940657    5    3    4    1
 0.000555900584978895    5    3    4    2
 -0.0008222073045344338    5    3    4    3
 0.02168785743068123    5    3    4    4
 -0.004056418214670004    5    3    5    1
 0.001547078636763899    5    3    5    2
 0.02291387563489337    5    3    5    3
 0.007372188252931253    5    4    1    1
 -0.004864921589649466    5    4    2    1
 0.01888000283782415    5    4    2    2
 -0.0006528027386007416    5    4    3    1
 -0.004128923474887853    5    4    3    2
 0.01731970477024716    5    4    3    3
 0.0003343453713678399    5    4    4    1
 0.001931174489438978    5    4    4    2
 -0.001093682522356909    5    4    4    3
 0.01463206549520579    5    4    4    4
 0.002113745355181666    5    4    5    1
 -0.003927656619164869    5    4    5    2
 0.004388923834180928    5    4    5    3
 0.02335488945103932    5    4    5    4
 0.6746270311083729    5    5    1    1
 0.03838715195816291    5    5    2    1
 0.6746259383743017    5    5    2    2
 0.003211349927675461    5    5    3    1
 0.0112938604960803    5    5    3    2
 0.599505877007671    5    5    3    3
 0.00444177874713448    5    5    4    1
 -0.005467991634378958    5    5    4    2
 0.008798069975640664    5    5    4    3
 0.6003542704280777    5    5    4    4
 0.0006305772758821003    5    5    5    1
 -0.003106745812295112    5    5    5    2
 0.02203800560025266    5    5    5    3
 0.01774669793984807    5    5    5    4
 0.7069726158292452    5    5    5    5
 -0.0002082325512435004    6    1    1    1
 0.0002170977594087502    6    1    2    1
 0.0005375782246902108    6    1    2    2
 -0.0004162273216483079    6    1    3    1
 -0.0001401674515052315    6    1    3    2
 0.000423393895191445    6    1    3    3
 -6.519898439583016e-05    6    1    4    1
 -0.0001404990255031342    6    1    4    2
 -9.722213947879762e-05    6    1    4    3
 -7.914725867358103e-05    6    1    4    4
 0.0005240082514133552    6    1    5    1
 -0.0002748227296696376    6    1    5    2
 -0.0001795184858737495    6    1    5    3
 6.851697470005498e-05    6    1    5    4
 8.014919354975475e-05    6    1    5    5
 0.0004274833861969267    6    1    6    1
 0.001325156052974332    6    2    1    1
 0.0002065512818822356    6    2    2    1
 0.000521696553446602    6    2    2    2
 -0.0001726353263292932    6    2    3    1
 -1.592534253617054e-05    6    2    3    2
 0.0004872648984828745    6    2    3    3
 -9.667274503273842e-05    6    2    4    1
 -0.0003629062778850393    6    2    4    2
 -8.046402453026899e-08    6    2    4    3
 0.001258026606584059    6    2    4    4
 -0.0002841111873924151    6    2    5    1
 0.0004662018954065687    6    2    5    2
 0.0001310124172762217    6    2    5    3
 -9.770212590661565e-05    6    2    5    4
 0.0008386134494281794    6    2    5    5
 -0.0001984856362592289    6    2    6    1
 0.0005935351304390847    6    2    6    2
 -0.007316266244439065    6    3    1    1
 -0.0004744599524093675    6    3    2    1
 -0.006485559922386858    6    3    2    2
 0.0004414052498649483    6    3    3    1
 -0.0003849996528530779    6    3    3    2
 -0.005475730170268619    6    3    3    3
 -0.00033840100216919    6    3    4    1
 4.351063883627238e-05    6    3    4    2
 -0.0008262837209204152    6    3    4    3
 -0.006256919846328682    6    3    4    4
 -0.000116870137552245    6    3    5    1
 4.378281120024191e-06    6    3    5    2
 0.0001822509137051045    6    3    5    3
 -6.426796634425173e-05    6    3    5    4
 -0.006185636172141983    6    3    5    5
 0.0003175515044024897    6    3    6    1
 -0.0005201498811135807    6    3    6    2
 0.001167799676710961    6    3    6    3
 -0.006968642178431769    6    4    1    1
 -0.0004788513938264908    6    4    2    1
 -0.007630418521954645    6    4    2    2
 1.588903082913449e-05    6    4    3    1
 -0.0004423336612838808    6    4    3    2
 -0.006692085924765038    6    4    3    3
 -0.0002240831689934746    6    4    4    1
 0.0007188624944087942    6    4    4    2
 -0.0007665498594330688    6    4    4    3
 -0.006028770650281374    6    4    4    4
 -4.751743603916979e-05    6    4    5    1
 -9.040277944450101e-05    6    4    5    2
 -0.0001025961942572006    6    4    5    3
 0.0003327741603757826    6    4    5    4
 -0.006614385569595099    6    4    5    5
 -0.0003357578000071638    6    4    6    1
 0.0004255838244173904    6    4    6    2
 -0.000505209461743484    6    4    6    3
 0.001188049975418826    6    4    6    4
 0.01309349552965941    6    5    1    1
 0.0009575362236403357    6    5    2    1
 0.01296788206595757    6    5    2    2
 -0.0002134401301009219    6    5    3    1
 0.0005313481781989243    6    5    3    2
 0.0109233536967744    6    5    3    3
 0.0002871905239535048    6    5    4    1
 -0.0004672098111785599    6    5    4    2
 0.0006345217694517888    6    5    4    3
 0.01101218787605519    6    5    4    4
 1.628248418173899e-05    6    5    5    1
 -3.417469204372046e-06    6    5    5    2
 0.0002590508724788157    6    5    5    3
 8.263407232447359e-05    6    5    5    4
 0.01312232931668467    6    5    5    5
 -2.643254591841807e-07    6    5    6    1
 7.856741984099706e-05    6    5    6    2
 -0.0003909528009105802    6    5    6    3
 -0.000349294137757822    6    5    6    4
 0.001474924420278935    6    5    6    5
 0.1947673828234237    6    6    1    1
 0.0009042187666135565    6    6    2    1
 0.1953855037517092    6    6    2    2
 0.00181427528739624    6    6    3    1
 -0.0019516342837571    6    6    3    2
 0.1878254726273631    6    6    3    3
 -0.001560090445274811    6    6    4    1
 0.001804753878825784    6    6    4    2
 -0.005344952540525937    6    6    4    3
 0.1882797367047367    6    6    4    4
 -0.0004517728958882093    6    6    5    1
 -0.0007788015893052153    6    6    5    2
 0.004381529110849505    6    6    5    3
 0.004466074646755862    6    6    5    4
 0.200985044774583    6    6    5    5
 0.0002845431653453718    6    6    6    1
 0.001240730003397611    6    6    6    2
 -0.006277809345937044    6    6    6    3
 -0.005862871713216609    6    6    6    4
 0.01305810575464453    6    6    6    5
 0.7091207445120754    6    6    6    6
 -0.004986920023551785    7    1    1    1
 -1.788014765727295e-05    7    1    2    1
 -0.004272817697857333    7    1    2    2
 -0.0004565637334984913    7    1    3    1
 -0.0002242655528883431    7    1    3    2
 -0.003838017492455421    7    1    3    3
 0.0003943713670055776    7    1    4    1
 0.0001248533725052691    7    1    4    2
 -0.0002319870428849114    7    1    4    3
 -0.004007643501256574    7    1    4    4
 0.0003290402587700521    7    1    5    1
 -0.0003001728648754395    7    1    5    2
 -0.000510805631260185    7    1    5    3
 -3.683343464099875e-05    7    1    5    4
 -0.004658593093571214    7    1    5    5
 4.391394550162481e-05    7    1    6    1
 -9.136608994001101e-05    7    1    6    2
 0.0001543487991881164    7    1    6    3
 7.516786796443082e-05    7    1    6    4
 -0.0002082427097424199    7    1    6    5
 -0.004207796622111156    7    1    6    6
 0.0004452395322759944    7    1    7    1
 0.00302220766649441    7    2    1    1
 -0.0001991940087812526    7    2    2    1
 0.003671359838658052    7    2    2    2
 0.000186443354075904    7    2    3    1
 -6.389277184819681e-06    7    2    3    2
 0.002642777422267782    7    2    3    3
 0.0003191774536577092    7    2    4    1
 0.0007635577213712339    7    2    4    2
 0.0005221437863414464    7    2    4    3
 0.002290058954231932    7    2    4    4
 0.0004241096310059793    7    2    5    1
 0.0001413921119437053    7    2    5    2
 0.0001422305621287712    7    2    5    3
 0.0004047385448064041    7    2    5    4
 0.003255498894891473    7    2    5    5
 4.460224836183856e-05    7    2    6    1
 -6.93811109721072e-05    7    2    6    2
 -5.901108927470247e-05    7    2    6    3
 -0.0002006354041691803    7    2    6    4
 0.0002208609762832486    7    2    6    5
 0.002386300560831725    7    2    6    6
 -7.387245909512387e-05    7    2    7    1
 0.0003872515260173047    7    2    7    2
 -0.004755647175705655    7    3    1    1
 -0.000528190592884153    7    3    2    1
 -0.004611460316290917    7    3    2    2
 0.0001533738495653942    7    3    3    1
 -0.0001212031084351262    7    3    3    2
 -0.004739149854222616    7    3    3    3
 -0.000102543950841827    7    3    4    1
 0.0006215306646539279    7    3    4    2
 1.537925362459375e-05    7    3    4    3
 -0.003856516602533634    7    3    4    4
 0.0003559275472817675    7    3    5    1
 -1.384652469598117e-05    7    3    5    2
 -0.0001783540981043195    7    3    5    3
 -0.0001899313034712218    7    3    5    4
 -0.004792636828283163    7    3    5    5
 5.149342609455425e-05    7    3    6    1
 -0.0001718526625148362    7    3    6    2
 0.000439168829577533    7    3    6    3
 5.313661329744584e-05    7    3    6    4
 -0.0004579239557663855    7    3    6    5
 -0.00527966413009411    7    3    6    6
 0.0001905364440970585    7    3    7    1
 -0.0002911636266325359    7    3    7    2
 0.0009119357266827415    7    3    7    3
 0.01347455143049108    7    4    1    1
 0.000850857644550143    7    4    2    1
 0.01408400445964581    7    4    2    2
 -0.000636669117174885    7    4    3    1
 0.000496982317603929    7    4    3    2
 0.01209583389973717    7    4    3    3
 0.0002958888802143358    7    4    4    1
 -0.0008245716750612212    7    4    4    2
 0.000868226521120013    7    4    4    3
 0.01272237404957377    7    4    4    4
 0.000145815148709339    7    4    5    1
 -0.0004467650876647411    7    4    5    2
 0.0006129120462737012    7    4    5    3
 0.0007133503409692855    7    4    5    4
 0.01333635265046424    7    4    5    5
 0.0001976000667710587    7    4    6    1
 -0.0001734951196949663    7    4    6    2
 -3.524706000740812e-05    7    4    6    3
 -0.001029283940609108    7    4    6    4
 0.0009424345414103727    7    4    6    5
 0.01339177524084541    7    4    6    6
 -0.0002813376523434579    7    4    7    1
 0.0006029501226828682    7    4    7    2
 -0.0007811932412150197    7    4    7    3
 0.002497684869774623    7    4    7    4
 0.003325723913843562    7    5    1    1
 0.0001642691619992037    7    5    2    1
 0.00516084099488451    7    5    2    2
 0.0002284071933085608    7    5    3    1
 1.611817756497257e-05    7    5    3    2
 0.004722154068759901    7    5    3    3
 9.687494728669998e-05    7    5    4    1
 -0.0004497536390982699    7    5    4    2
 0.0001008014686354867    7    5    4    3
 0.002835742980389104    7    5    4    4
 -7.656824183811326e-05    7    5    5    1
 5.112164369035991e-05    7    5    5    2
 -9.601884711361983e-06    7    5    5    3
 0.0007722151465201778    7    5    5    4
 0.004578082908764846    7    5    5    5
 0.0003014046479849039    7    5    6    1
 -0.0004351476962202603    7    5    6    2
 0.0005434506280735357    7    5    6    3
 -0.0007592934681489525    7    5    6    4
 0.0002579480942593225    7    5    6    5
 0.004265781723182946    7    5    6    6
 2.76420462797167e-05    7    5    7    1
 0.000218396408073012    7    5    7    2
 5.925045624506222e-05    7    5    7    3
 0.001039686414700217    7    5    7    4
 0.001545172705651321    7    5    7    5
 -0.002347122115373341    7    6    1    1
 -1.066903483257758e-05    7    6    2    1
 -0.002670563390753694    7    6    2    2
 -3.480183312437521e-06    7    6    3    1
 3.980967572536897e-05    7    6    3    2
 -0.002436832820586449    7    6    3    3
 3.748507414156333e-07    7    6    4    1
 2.788252008579436e-05    7    6    4    2
 4.540779482478647e-05    7    6    4    3
 -0.002303681798026064    7    6    4    4
 -6.01219233599239e-05    7    6    5    1
 0.0001110162381393421    7    6    5    2
 -0.0001033653809471739    7    6    5    3
 -0.000116454702517675    7    6    5    4
 -0.002529041588673363    7    6    5    5
 -0.0001226005390365118    7    6    6    1
 -4.580666166401008e-05    7    6    6    2
 -3.729139026432069e-05    7    6    6    3
 0.0007800300314771163    7    6    6    4
 -0.0001586042018945198    7    6    6    5
 -0.01357260323882343    7    6    6    6
 0.0001023653099906992    7    6    7    1
 -0.0001613393436784324    7    6    7    2
 -2.398089756498097e-05    7    6    7    3
 -0.000706680853773301    7    6    7    4
 0.0002546121874434223    7    6    7    5
 0.01997060870392274    7    6    7    6
 0.18648947535847    7    7    1    1
 0.0008802123500713604    7    7    2    1
 0.1855176265806725    7    7    2    2
 0.00136436041724177    7    7    3    1
 -0.001788642269272879    7    7    3    2
 0.1783679007740315    7    7    3    3
 -0.001410190676397154    7    7    4    1
 0.0021281642680515    7    7    4    2
 -0.005114000178900862    7    7    4    3
 0.1809506633727041    7    7    4    4
 -0.0004133809980203934    7    7    5    1
 -0.0007013462679337748    7    7    5    2
 0.004187144418987607    7    7    5    3
 0.004164146560107518    7    7    5    4
 0.1912183701892358    7    7    5    5
 -2.344285329304017e-05    7    7    6    1
 0.00147746597445226    7    7    6    2
 -0.005654215459042543    7    7    6    3
 -0.004120532503710373    7    7    6    4
 0.01048742310058111    7    7    6    5
 0.5948929393904907    7    7    6    6
 -0.003682848723647818    7    7    7    1
 0.00195372734847496    7    7    7    2
 -0.005074135769264362    7    7    7    3
 0.01169331308727368    7    7    7    4
 0.003280772407911238    7    7    7    5
 -0.01097353266484496    7    7    7    6
 0.5672439127851734    7    7    7    7
 -0.000874987163771261    8    1    1    1
 -0.0005293346804084026    8    1    2    1
 -0.001258474455074752    8    1    2    2
 0.0008316859958398871    8    1    3    1
 0.0002141020224451416    8    1    3    2
 -0.001353411200068254    8    1    3    3
 0.0001130008684982895    8    1    4    1
 0.0004326454391319327    8    1    4    2
 0.0002901811223995886    8    1    4    3
 -0.0009945795923048757    8    1    4    4
 0.0003395524537378211    8    1    5    1
 0.0002753450827293763    8    1    5    2
 0.0001564368938560511    8    1    5    3
 7.824912811304787e-06    8    1    5    4
 -0.0009603735324915802    8    1    5    5
 -0.0001292319883256953    8    1    6    1
 9.073542505555825e-05    8    1    6    2
 -0.0001571930991423488    8    1    6    3
 0.0001678809521814298    8    1    6    4
 -1.880327383353715e-05    8    1    6    5
 -0.001514612549378814    8    1    6    6
 -3.268535583486574e-05    8    1    7    1
 3.032406252861859e-05    8    1    7    2
 -0.000126201923304132    8    1    7    3
 -0.0001233940344926076    8    1    7    4
 -0.00021755925594056    8    1    7    5
 4.230526339710679e-05    8    1    7    6
 -0.001367512210797162    8    1    7    7
 0.0001932149687985615    8    1    8    1
 -0.005872573877948313    8    2    1    1
 -0.0004454111556315406    8    2    2    1
 -0.006064778714356642    8    2    2    2
 0.000394134317267513    8    2    3    1
 0.0002797857235884603    8    2    3    2
 -0.004900250835731508    8    2    3    3
 -6.479089763073814e-05    8    2    4    1
 0.0001998971374884845    8    2    4    2
 -0.0001348588009714415    8    2    4    3
 -0.005340762919500007    8    2    4    4
 -0.0001251416992873779    8    2    5    1
 0.0004981126909472748    8    2    5    2
 -0.0001785450326054215    8    2    5    3
 -0.0003699340901294524    8    2    5    4
 -0.005781507897565244    8    2    5    5
 2.833783211635283e-05    8    2    6    1
 -0.0001595572837010956    8    2    6    2
 0.0003197812821990745    8    2    6    3
 -2.301007426347473e-06    8    2    6    4
 -0.0003048585242556318    8    2    6    5
 -0.006145940846009661    8    2    6    6
 0.000116156947581618    8    2    7    1
 -0.0001710066675855769    8    2    7    2
 0.000268251860695881    8    2    7    3
 -0.000291233169535253    8    2    7    4
 4.886912622459631e-05    8    2    7    5
 0.0002977609363138189    8    2    7    6
 -0.005246476688739931    8    2    7    7
 -3.461404215198108e-05    8    2    8    1
 0.0004268394574812559    8    2    8    2
 0.01415707004374948    8    3    1    1
 0.0007049337628541987    8    3    2    1
 0.01317592770149376    8    3    2    2
 -0.0005578060938542326    8    3    3    1
 0.0004848072190499598    8    3    3    2
 0.01213511345005789    8    3    3    3
 0.0003281792184376853    8    3    4    1
 -0.0005732543163893929    8    3    4    2
 0.001037648510695429    8    3    4    3
 0.01230760266530833    8    3    4    4
 -0.0002033629546131296    8    3    5    1
 -6.663243035107269e-06    8    3    5    2
 0.0009625188200146636    8    3    5    3
 0.0004544725089901567    8    3    5    4
 0.01312134722079688    8    3    5    5
 -0.0001943100664281626    8    3    6    1
 0.0004104710139938399    8    3    6    2
 -0.000993698537807018    8    3    6    3
 2.465267037590469e-05    8    3    6    4
 0.0008702274103539806    8    3    6    5
 0.01324578286706963    8    3    6    6
 -0.000388608296651466    8    3    7    1
 0.000214059454350555    8    3    7    2
 -0.0009860534421872649    8    3    7    3
 0.000789519322222405    8    3    7    4
 -0.0003069226331150374    8    3    7    5
 -0.0003392094560407203    8    3    7    6
 0.01149540382501207    8    3    7    7
 0.0001797383600495891    8    3    8    1
 -0.0005678509597178545    8    3    8    2
 0.001932983316696887    8    3    8    3
 0.003765308967252612    8    4    1    1
 3.746719232786655e-06    8    4    2    1
 0.004286080445657209    8    4    2    2
 0.0001429927712447953    8    4    3    1
 0.0001077197254626897    8    4    3    2
 0.004017224554716952    8    4    3    3
 0.0001164794245794322    8    4    4    1
 -0.0003670606902530178    8    4    4    2
 0.0005371380250842237    8    4    4    3
 0.003131679245251354    8    4    4    4
 -7.763101008290922e-06    8    4    5    1
 0.0001680416140230894    8    4    5    2
 8.390190628214903e-05    8    4    5    3
 0.0003326731389033359    8    4    5    4
 0.003671700825301156    8    4    5    5
 9.381120350384302e-05    8    4    6    1
 -0.0001143762990830934    8    4    6    2
 9.897201927369583e-05    8    4    6    3
 -0.0002622507189892817    8    4    6    4
 0.000114593138629477    8    4    6    5
 0.00386244257432177    8    4    6    6
 1.619432571688892e-05    8    4    7    1
 2.503347691041295e-05    8    4    7    2
 0.0001385813075371762    8    4    7    3
 0.0001922072890200728    8    4    7    4
 0.0002904052093107358    8    4    7    5
 -0.0001088411934359679    8    4    7    6
 0.00377706953519823    8    4    7    7
 -0.000131458781594411    8    4    8    1
 -1.028820472082647e-05    8    4    8    2
 -0.0001719105295556228    8    4    8    3
 0.0003623370566746316    8    4    8    4
 0.007156215535613375    8    5    1    1
 0.000295384560867826    8    5    2    1
 0.006300216846421944    8    5    2    2
 -0.0001526688135899223    8    5    3    1
 0.0001118475316453837    8    5    3    2
 0.005527225766526632    8    5    3    3
 2.907829432948941e-05    8    5    4    1
 3.453713569172853e-05    8    5    4    2
 0.000176214109457865    8    5    4    3
 0.006429375148640151    8    5    4    4
 -0.0001177361996618564    8    5    5    1
 -0.0002756371704989409    8    5    5    2
 0.0009819472523262018    8    5    5    3
 0.0005148190275290127    8    5    5    4
 0.007236342519663664    8    5    5    5
 -0.0001498042637752749    8    5    6    1
 0.0002336322585620822    8    5    6    2
 -0.0004637976482318229    8    5    6    3
 0.0001257623843440855    8    5    6    4
 0.0004508974465694515    8    5    6    5
 0.007902108614294651    8    5    6    6
 -0.0001956622960672141    8    5    7    1
 7.000930310469941e-05    8    5    7    2
 -0.0004035279842755715    8    5    7    3
 0.0003556919824135975    8    5    7    4
 -0.000370427229458391    8    5    7    5
 -0.0001189160499055352    8    5    7    6
 0.007138125806898116    8    5    7    7
 6.878202218561224e-05    8    5    8    1
 -0.0002912907362425758    8    5    8    2
 0.0008744939440733973    8    5    8    3
 -1.305823763545503e-06    8    5    8    4
 0.0008185266190115631    8    5    8    5
 -0.005587421396018386    8    6    1    1
 -3.202104457800169e-05    8    6    2    1
 -0.005517387425921502    8    6    2    2
 -5.688045280966059e-05    8    6    3    1
 8.06686062768242e-05    8    6    3    2
 -0.005229965257665939    8    6    3    3
 8.139966488526624e-05    8    6    4    1
 -2.381975598073557e-05    8    6    4    2
 0.0001266653298619013    8    6    4    3
 -0.005268161163032626    8    6    4    4
 9.026682247211351e-05    8    6    5    1
 1.746091613631439e-05    8    6    5    2
 -0.000253174742931096    8    6    5    3
 -0.0002491973688957386    8    6    5    4
 -0.005685685062937151    8    6    5    5
 -0.0001652817326578835    8    6    6    1
 -0.0003084692757303099    8    6    6    2
 0.0009628269915902614    8    6    6    3
 0.0005498037301007356    8    6    6    4
 -0.0001905828084540431    8    6    6    5
 -0.02461326090503994    8    6    6    6
 0.0004445086453394867    8    6    7    1
 -0.0001631055799897951    8    6    7    2
 0.0003362480028449999    8    6    7    3
 -0.0007267111452009373    8    6    7    4
 -0.0001074921408915389    8    6    7    5
 0.003249877830493979    8    6    7    6
 -0.02340214623624991    8    6    7    7
 7.751702258959069e-05    8    6    8    1
 0.0004306689326969094    8    6    8    2
 -0.0009096136740318472    8    6    8    3
 -0.000319105142363127    8    6    8    4
 0.0002660263959057213    8    6    8    5
 0.02613573350889558    8    6    8    6
 -0.003595520819668075    8    7    1    1
 -9.147222968012444e-05    8    7    2    1
 -0.004688264320735662    8    7    2    2
 -0.0004142614577241679    8    7    3    1
 0.0001721340341581252    8    7    3    2
 -0.004805108874218386    8    7    3    3
 0.0001214692434696696    8    7    4    1
 6.422176532044498e-05    8    7    4    2
 0.0004031113362166962    8    7    4    3
 -0.003353958814161326    8    7    4    4
 -5.4493901847715e-05    8    7    5    1
 -2.443791512915105e-05    8    7    5    2
 -1.649982443893126e-05    8    7    5    3
 -0.0001052773454283434    8    7    5    4
 -0.004445784219881904    8    7    5    5
 -0.0002072895426691581    8    7    6    1
 0.000355768524363464    8    7    6    2
 -0.0005362235408625414    8    7    6    3
 0.0003501170907548021    8    7    6    4
 0.0004760032030294799    8    7    6    5
 0.005869652108520926    8    7    6    6
 -1.373623928807735e-05    8    7    7    1
 -6.823254980032702e-05    8    7    7    2
 -0.0002308041242965155    8    7    7    3
 0.0005942075648034914    8    7    7    4
 0.000145900282692317    8    7    7    5
 0.001505596566966556    8    7    7    6
 0.0120076212902483    8    7    7    7
 -4.708535413118874e-05    8    7    8    1
 -2.960560179206341e-05    8    7    8    2
 0.0006311228592828594    8    7    8    3
 0.0007115381713602255    8    7    8    4
 0.0008888867131603518    8    7    8    5
 0.0008221329279298167    8    7    8    6
 0.02006019825528867    8    7    8    7
 0.178957560454527    8    8    1    1
 0.0006295220242456244    8    8    2    1
 0.180866311361591    8    8    2    2
 0.001658364291612053    8    8    3    1
 -0.001659906798502771    8    8    3    2
 0.1746477277661464    8    8    3    3
 -0.001250002468522419    8    8    4    1
 0.0009745860831446799    8    8    4    2
 -0.004666216477351115    8    8    4    3
 0.1730342390484254    8    8    4    4
 -0.0004035063474920261    8    8    5    1
 -0.0006716585412446644    8    8    5    2
 0.003932006800453513    8    8    5    3
 0.004073736142917879    8    8    5    4
 0.1848094053736576    8    8    5    5
 0.0005827016355378879    8    8    6    1
 0.0007204576156577768    8    8    6    2
 -0.004677171373973638    8    8    6    3
 -0.005526974923836097    8    8    6    4
 0.01127273343901942    8    8    6    5
 0.6064044841159655    8    8    6    6
 -0.003414567121224649    8    8    7    1
 0.001926374524062999    8    8    7    2
 -0.004426553972953965    8    8    7    3
 0.01292020836016899    8    8    7    4
 0.004702365157300028    8    8    7    5
 -0.01402932248627134    8    8    7    6
 0.548195653816963    8    8    7    7
 -0.00163384616868976    8    8    8    1
 -0.005765332916578103    8    8    8    2
 0.01328823631668712    8    8    8    3
 0.003650612568575495    8    8    8    4
 0.007984613001899852    8    8    8    5
 -0.02081041862677121    8    8    8    6
 0.01155075864174458    8    8    8    7
 0.6119524894958329    8    8    8    8
 -0.01150103396768636    9    1    1    1
 -0.0003876482285872724    9    1    2    1
 -0.01093173683010158    9    1    2    2
 2.703687907982072e-05    9    1    3    1
 -0.0005472969500955019    9    1    3    2
 -0.009769990944840738    9    1    3    3
 -0.0001675399214746882    9    1    4    1
 0.0006741270548977287    9    1    4    2
 -0.0008935635869395506    9    1    4    3
 -0.009093365635644548    9    1    4    4
 0.0001265158759012904    9    1    5    1
 -0.0001752567142141223    9    1    5    2
 -0.0005414952078956277    9    1    5    3
 -0.000205460263931046    9    1    5    4
 -0.01046893323004014    9    1    5    5
 -0.0001991083639481317    9    1    6    1
 0.0001612534816755316    9    1    6    2
 7.701487040882321e-06    9    1    6    3
 0.0007572725289440618    9    1    6    4
 -0.0007983207682865708    9    1    6    5
 -0.01005299722773328    9    1    6    6
 0.0002458679987214355    9    1    7    1
 -0.0003556913752866117    9    1    7    2
 0.0004726519545422004    9    1    7    3
 -0.001434460185506576    9    1    7    4
 -0.0007513431607015276    9    1    7    5
 0.0001798185971288153    9    1    7    6
 -0.008150611398692081    9    1    7    7
 0.0001219575334446046    9    1    8    1
 0.0001945145861181983    9    1    8    2
 -0.0005988441067386071    9    1    8    3
 -0.0001777770707374167    9    1    8    4
 -0.0002467345701648085    9    1    8    5
 0.0005578896963955385    9    1    8    6
 -0.0004636741284113351    9    1    8    7
 -0.009877449141988792    9    1    8    8
 0.001414290765609412    9    1    9    1
 0.005971309576866463    9    2    1    1
 -0.0003116248464033594    9    2    2    1
 0.006747618997499868    9    2    2    2
 3.526384078640234e-05    9    2    3    1
 0.0002806966056198035    9    2    3    2
 0.005410209179774457    9    2    3    3
 0.0003308147692509425    9    2    4    1
 0.0002104575258350025    9    2    4    2
 0.0005441838771071304    9    2    4    3
 0.005125713879483604    9    2    4    4
 0.0002600477479126894    9    2    5    1
 4.152711907094085e-05    9    2    5    2
 0.0003085527600885719    9    2    5    3
 0.0004087210803068031    9    2    5    4
 0.005927066123085314    9    2    5    5
 4.357307824206078e-05    9    2    6    1
 -1.723202634350956e-06    9    2    6    2
 -0.0001937711995039974    9    2    6    3
 -0.0001844144557328388    9    2    6    4
 0.0002911561594546432    9    2    6    5
 0.00599607778886145    9    2    6    6
 -0.0001183844053574328    9    2    7    1
 0.0002109607746219604    9    2    7    2
 -0.0002403266819588674    9    2    7    3
 0.0004912556214640349    9    2    7    4
 0.000162918573149849    9    2    7    5
 -0.0001417294975243206    9    2    7    6
 0.005076399915083474    9    2    7    7
 9.004564890336973e-06    9    2    8    1
 -0.0002263133755933807    9    2    8    2
 0.0004326400861856815    9    2    8    3
 9.917618291356494e-05    9    2    8    4
 0.0002177246342867897    9    2    8    5
 -0.0004953715445790181    9    2    8    6
 0.0004923576383484493    9    2    8    7
 0.005544630013969449    9    2    8    8
 -0.0004123378921097391    9    2    9    1
 0.0003451620857938822    9    2    9    2
 7.026358307721462e-05    9    3    1    1
 -7.234110597036508e-05    9    3    2    1
 0.0003625272513789358    9    3    2    2
 -0.0003410123697067987    9    3    3    1
 0.0001375112226824108    9    3    3    2
 3.897863397939056e-05    9    3    3    3
 -1.446600806558106e-05    9    3    4    1
 4.922157976231922e-05    9    3    4    2
 0.0001158837202671597    9    3    4    3
 8.559795916576472e-05    9    3    4    4
 0.0001914630853827876    9    3    5    1
 -6.641062927968405e-05    9    3    5    2
 -8.103459663762969e-05    9    3    5    3
 1.877357627074741e-05    9    3    5    4
 -0.0001256406155084894    9    3    5    5
 4.576946371326524e-05    9    3    6    1
 -0.0001019549201788381    9    3    6    2
 0.0001972225635414441    9    3    6    3
 -0.0001130803032552209    9    3    6    4
 -0.0001113914914573223    9    3    6    5
 -0.001073790224773935    9    3    6    6
 9.739504848452339e-05    9    3    7    1
 -6.835484316156951e-05    9    3    7    2
 0.0003292153356745886    9    3    7    3
 -0.000100679141998647    9    3    7    4
 0.000123985772337582    9    3    7    5
 -3.424621112320107e-05    9    3    7    6
 -0.0004868777117868155    9    3    7    7
 -0.000114629790223485    9    3    8    1
 0.0001108373669909005    9    3    8    2
 -0.0003893920550691472    9    3    8    3
 0.0001145475284613614    9    3    8    4
 -0.0001620980981577043    9    3    8    5
 0.0002876044061844337    9    3    8    6
 -0.0005044560436695682    9    3    8    7
 -0.000615806945059114    9    3    8    8
 8.158997853357201e-05    9    3    9    1
 -0.0001179513307221865    9    3    9    2
 0.0003031353075712336    9    3    9    3
 0.006535757850858025    9    4    1    1
 0.000456215145645486    9    4    2    1
 0.006318505575089131    9    4    2    2
 -0.0002076602530929661    9    4    3    1
 0.0001520497570856003    9    4    3    2
 0.005569863631992207    9    4    3    3
 -0.0001653144454965018    9    4    4    1
 -8.483466830926353e-05    9    4    4    2
 0.0001557845076049847    9    4    4    3
 0.00593825924066574    9    4    4    4
 -6.431220888050815e-05    9    4    5    1
 -0.0001812364309035807    9    4    5    2
 0.0004768706950127247    9    4    5    3
 0.0002962831318984416    9    4    5    4
 0.006462286680306288    9    4    5    5
 0.0001219189561703393    9    4    6    1
 -4.605629793179558e-05    9    4    6    2
 -0.0001164280892304089    9    4    6    3
 -0.0002911537862262526    9    4    6    4
 0.0003546222843440682    9    4    6    5
 0.006694424996321224    9    4    6    6
 -0.0001789218760344468    9    4    7    1
 0.0001794682343944722    9    4    7    2
 -0.0002713610565442939    9    4    7    3
 0.0006809417730587862    9    4    7    4
 0.0002941176575300094    9    4    7    5
 -2.141568884065463e-05    9    4    7    6
 0.005496846005809208    9    4    7    7
 -3.57812897158437e-05    9    4    8    1
 -0.000141784325889997    9    4    8    2
 0.0003999408180881573    9    4    8    3
 9.569659436807955e-05    9    4    8    4
 0.000162785234190347    9    4    8    5
 -0.0005494438680892188    9    4    8    6
 0.0001344135350777686    9    4    8    7
 0.006097366638414803    9    4    8    8
 -0.0005232773147320645    9    4    9    1
 0.0002859704425545419    9    4    9    2
 -0.0001203700798109262    9    4    9    3
 0.0005314396977485952    9    4    9    4
 0.0002896548215855931    9    5    1    1
 -7.18172146285453e-05    9    5    2    1
 0.00105305584759756    9    5    2    2
 0.0002455758457505457    9    5    3    1
 4.129991204601704e-05    9    5    3    2
 0.001297194068655448    9    5    3    3
 -6.048553447527385e-05    9    5    4    1
 -0.0003288984556007844    9    5    4    2
 2.502555566589945e-05    9    5    4    3
 0.0002485752979481492    9    5    4    4
 -0.0004257722904394263    9    5    5    1
 0.0003136001492873025    9    5    5    2
 0.0001261671325394505    9    5    5    3
 0.0002513253629256336    9    5    5    4
 0.0008403604126628024    9    5    5    5
 0.0001384025084038118    9    5    6    1
 -0.0001909917222400541    9    5    6    2
 0.0003367311543596595    9    5    6    3
 -0.000366243829175598    9    5    6    4
 3.201323547309186e-05    9    5    6    5
 0.0008475128982340163    9    5    6    6
 -5.467908499245931e-05    9    5    7    1
 6.993309103830702e-05    9    5    7    2
 6.860836571640358e-05    9    5    7    3
 0.0004027723865360805    9    5    7    4
 0.0006388385498991553    9    5    7    5
 -0.0001325279998271193    9    5    7    6
 0.0005417527366512636    9    5    7    7
 -0.0001176337580501232    9    5    8    1
 8.196090818109936e-05    9    5    8    2
 -0.0002174620548037493    9    5    8    3
 0.0001036745129203014    9    5    8    4
 -0.0002353520174415289    9    5    8    5
 4.782097208106647e-05    9    5    8    6
 -0.0002439066778560763    9    5    8    7
 0.001145655603515533    9    5    8    8
 -0.0003501754466422392    9    5    9    1
 1.00967007206497e-05    9    5    9    2
 0.0001329921449513648    9    5    9    3
 0.0001178984036385148    9    5    9    4
 0.0005972440919370045    9    5    9    5
 -0.0008124166684070347    9    6    1    1
 8.075711789983479e-06    9    6    2    1
 -0.0008457029363344577    9    6    2    2
 -9.19415450234851e-05    9    6    3    1
 -2.801552383443681e-05    9    6    3    2
 -0.0008101613630420532    9    6    3    3
 7.469333630064748e-05    9    6    4    1
 2.650250155890769e-05    9    6    4    2
 1.939772635665325e-06    9    6    4    3
 -0.0007295601799187453    9    6    4    4
 -1.66575957204983e-05    9    6    5    1
 -0.0001031215321547167    9    6    5    2
 -0.0001076157346556802    9    6    5    3
 1.957639690057303e-05    9    6    5    4
 -0.0008717925537629447    9    6    5    5
 -0.0004299871161328996    9    6    6    1
 0.0003232771490529392    9    6    6    2
 1.649602812403034e-05    9    6    6    3
 0.0002921330187037609    9    6    6    4
 3.712210138404447e-05    9    6    6    5
 -0.001972026827021223    9    6    6    6
 0.0001249382356754689    9    6    7    1
 1.258382648882141e-06    9    6    7    2
 8.399338798144017e-05    9    6    7    3
 -4.509134823569438e-05    9    6    7    4
 -1.804082071314524e-05    9    6    7    5
 -0.002600706668720909    9    6    7    6
 -0.0006157149745359393    9    6    7    7
 -6.961882487297811e-05    9    6    8    1
 0.0001734425357528372    9    6    8    2
 -0.0003001907009039478    9    6    8    3
 0.0002890487689437189    9    6    8    4
 0.0001344517860777745    9    6    8    5
 0.003066306575333157    9    6    8    6
 0.005361943195287614    9    6    8    7
 -0.003768477949616296    9    6    8    8
 0.0001620551363664519    9    6    9    1
 7.578731904215352e-05    9    6    9    2
 -0.0002840209344744166    9    6    9    3
 -0.0004324902718741789    9    6    9    4
 0.0004507995665569636    9    6    9    5
 0.02308152214544781    9    6    9    6
 0.002106813291030433    9    7    1    1
 5.982114422056459e-05    9    7    2    1
 0.002240768820008876    9    7    2    2
 0.0002718881834451315    9    7    3    1
 -0.0001029782891774298    9    7    3    2
 0.002253810546862934    9    7    3    3
 -0.0002252867532936198    9    7    4    1
 0.0001371058911286183    9    7    4    2
 -0.0002562430707642089    9    7    4    3
 0.001990726729471275    9    7    4    4
 -7.13120085696097e-05    9    7    5    1
 4.293331170539383e-05    9    7    5    2
 5.099818968507912e-05    9    7    5    3
 6.587839880737674e-05    9    7    5    4
 0.002412604534089517    9    7    5    5
 0.0001591882156944927    9    7    6    1
 -0.0001675458565901401    9    7    6    2
 0.000176631973322017    9    7    6    3
 5.964259622090853e-05    9    7    6    4
 -0.0006887146339048051    9    7    6    5
 -0.01408191188165757    9    7    6    6
 -0.0001256273535893452    9    7    7    1
 4.489826010134329e-05    9    7    7    2
 0.0003795936441659517    9    7    7    3
 -0.0007046629677639641    9    7    7    4
 -0.0001861960257213478    9    7    7    5
 0.0003694132379618735    9    7    7    6
 -0.01653176315241644    9    7    7    7
 6.217398925611674e-05    9    7    8    1
 0.0002150440585636424    9    7    8    2
 -0.0007540912091348239    9    7    8    3
 -0.0002011157784553442    9    7    8    4
 -0.0007476720505050986    9    7    8    5
 -0.004683016355691768    9    7    8    6
 -0.00492899761769047    9    7    8    7
 -0.01696991161035891    9    7    8    8
 0.0004712501169755848    9    7    9    1
 -0.0002054798822945452    9    7    9    2
 -0.0001930195445754903    9    7    9    3
 0.0002472963187505944    9    7    9    4
 -6.463789898541707e-05    9    7    9    5
 -0.004809118765716191    9    7    9    6
 0.01893756559141832    9    7    9    7
 -0.0002907451777643515    9    8    1    1
 -1.129842920332048e-05    9    8    2    1
 -0.001123723026399481    9    8    2    2
 -0.0003282105339400962    9    8    3    1
 0.000128937756888126    9    8    3    2
 -0.001256736163181191    9    8    3    3
 8.214383000298197e-05    9    8    4    1
 6.673103420817646e-05    9    8    4    2
 0.0002251412892418781    9    8    4    3
 -0.0002379278166874463    9    8    4    4
 1.947701581051839e-05    9    8    5    1
 -2.172239000093143e-05    9    8    5    2
 6.03815735583275e-05    9    8    5    3
 2.501353899444824e-06    9    8    5    4
 -0.0009013237783885323    9    8    5    5
 -0.0002056877489947904    9    8    6    1
 0.0003059563288160752    9    8    6    2
 -0.0003741557511421639    9    8    6    3
 0.0001825898212384633    9    8    6    4
 0.0003210538500725481    9    8    6    5
 0.003178395187568173    9    8    6    6
 -0.000145517264220637    9    8    7    1
 0.0001116117217148595    9    8    7    2
 -0.000657587239997857    9    8    7    3
 0.0005126639164200706    9    8    7    4
 -0.0002266397292012979    9    8    7    5
 -2.779594972446845e-05    9    8    7    6
 0.0148858915476245    9    8    7    7
 -0.0003675090971819191    9    8    8    1
 -1.788326554621781e-05    9    8    8    2
 0.0005878770348170806    9    8    8    3
 0.0002733696159768759    9    8    8    4
 0.0004980666236468848    9    8    8    5
 0.0004358400002385769    9    8    8    6
 0.0005560017294549261    9    8    8    7
 0.007783615002911774    9    8    8    8
 -9.66226826963523e-05    9    8    9    1
 -0.0002814440821012467    9    8    9    2
 0.0007662651885119769    9    8    9    3
 6.614583043072639e-05    9    8    9    4
 0.0003107708316237395    9    8    9    5
 -0.0007806965804924985    9    8    9    6
 -0.003200472720836047    9    8    9    7
 0.02342600237759751    9    8    9    8
 0.1908086050697462    9    9    1    1
 0.0006208105054338788    9    9    2    1
 0.1894835942459577    9    9    2    2
 0.001398269775065248    9    9    3    1
 -0.001704592406278508    9    9    3    2
 0.1822715100591002    9    9    3    3
 -0.001526043933210294    9    9    4    1
 0.001920703237702848    9    9    4    2
 -0.005013001676154977    9    9    4    3
 0.1843533467841401    9    9    4    4
 -0.0006052900651105065    9    9    5    1
 -0.0007415596179097989    9    9    5    2
 0.004477181563388407    9    9    5    3
 0.004270090635735531    9    9    5    4
 0.1954585174022184    9    9    5    5
 2.350330020777191e-05    9    9    6    1
 0.001421107277523642    9    9    6    2
 -0.006501225011738874    9    9    6    3
 -0.00475672601099007    9    9    6    4
 0.01290179609934013    9    9    6    5
 0.6754739204786102    9    9    6    6
 -0.004135641065536787    9    9    7    1
 0.001885080767486398    9    9    7    2
 -0.005399984530709636    9    9    7    3
 0.01323907979743771    9    9    7    4
 0.004229039842118286    9    9    7    5
 -0.003271533359196559    9    9    7    6
 0.6065702831593801    9    9    7    7
 -0.001673691369033439    9    9    8    1
 -0.006149600292948664    9    9    8    2
 0.0141299055395169    9    9    8    3
 0.00414465401761384    9    9    8    4
 0.008893666367134383    9    9    8    5
 -0.02226335839640497    9    9    8    6
 0.01789728242878913    9    9    8    7
 0.6195402022412614    9    9    8    8
 -0.01103101091024245    9    9    9    1
 0.006797021555649994    9    9    9    2
 -0.001387447831284351    9    9    9    3
 0.007142591611619836    9    9    9    4
 0.0005018630784213072    9    9    9    5
 -0.002307124163617657    9    9    9    6
 -0.0200170001339543    9    9    9    7
 0.00945619346887199    9    9    9    8
 0.7320198656761899    9    9    9    9
 0.006076039531119294   10    1    1    1
 -0.0002964604206278908   10    1    2    1
 0.005316545553187341   10    1    2    2
 0.0001867161472741391   10    1    3    1
 0.0003265049723873987   10    1    3    2
 0.00468134706398166   10    1    3    3
 0.0002004260308588241   10    1    4    1
 -5.174732214932323e-05   10    1    4    2
 0.0004758633468372492   10    1    4    3
 0.004884095101342524   10    1    4    4
 4.405917576023903e-05   10    1    5    1
 0.0001489417045680658   10    1    5    2
 0.0004110195192144727   10    1    5    3
 0.0002068357644792412   10    1    5    4
 0.005285428857668717   10    1    5    5
 -7.270366649592438e-06   10    1    6    1
 5.713501341033247e-05   10    1    6    2
 -0.0001509325999939665   10    1    6    3
 -0.0001917712851975009   10    1    6    4
 0.0002665234402446996   10    1    6    5
 0.005374273897220901   10    1    6    6
 -0.0001819814451976671   10    1    7    1
 0.0001121980465979695   10    1    7    2
 -0.0001742697518477399   10    1    7    3
 0.0004410678315801387   10    1    7    4
 0.0001226937770455672   10    1    7    5
 -0.0003079511399269131   10    1    7    6
 0.004433163275865659   10    1    7    7
 2.567240942031868e-06   10    1    8    1
 -0.0001376575671353768   10    1    8    2
 0.0003880647473622124   10    1    8    3
 6.705798900373517e-05   10    1    8    4
 0.0002065753126083909   10    1    8    5
 -0.000335657142406896   10    1    8    6
 0.0003014230524287371   10    1    8    7
 0.005226591524676376   10    1    8    8
 -0.0003736345325340979   10    1    9    1
 0.0001952275332850723   10    1    9    2
 -5.118494542408094e-05   10    1    9    3
 0.0001705676350482387   10    1    9    4
 6.423394719363412e-05   10    1    9    5
 0.000173449469043767   10    1    9    6
 -0.0003314395603640984   10    1    9    7
 -6.725221733105182e-05   10    1    9    8
 0.005358250380083703   10    1    9    9
 0.0002572762136723213   10    1   10    1
 -0.01079610064640392   10    2    1    1
 -0.0004132415892168124   10    2    2    1
 -0.01118750068683056   10    2    2    2
 0.0004534526383422081   10    2    3    1
 -0.0004153231225882775   10    2    3    2
 -0.008788355596997525   10    2    3    3
 -0.0004058510705282517   10    2    4    1
 0.0002289021090000313   10    2    4    2
 -0.0009116555095078058   10    2    4    3
 -0.009520431576268681   10    2    4    4
 -0.0002481850725924723   10    2    5    1
 0.0001956652682309038   10    2    5    2
 -0.0003921823005589767   10    2    5    3
 -0.000446070011142168   10    2    5    4
 -0.01017445112490579   10    2    5    5
 0.0001420314357458911   10    2    6    1
 -0.000355499135771665   10    2    6    2
 0.0007358516283314954   10    2    6    3
 2.78249964521277e-05   10    2    6    4
 -0.0008104444208499565   10    2    6    5
 -0.01022082630270128   10    2    6    6
 0.0002600850567155358   10    2    7    1
 -0.0002623748024365363   10    2    7    2
 0.0007124663482230135   10    2    7    3
 -0.000774951239521155   10    2    7    4
 0.0001907981362039222   10    2    7    5
 0.0004032887043708892   10    2    7    6
 -0.008879411387385844   10    2    7    7
 -0.000136651918765427   10    2    8    1
 0.000459923426375127   10    2    8    2
 -0.001252309288881114   10    2    8    3
 5.743350685701537e-05   10    2    8    4
 -0.0006718219673200347   10    2    8    5
 0.0003896227909885171   10    2    8    6
 -0.0008834906141874016   10    2    8    7
 -0.009455501599821881   10    2    8    8
 0.0005059131792748091   10    2    9    1
 -0.0003935122365373924   10    2    9    2
 0.0002749664181955371   10    2    9    3
 -0.0003076640953229887   10    2    9    4
 0.0001708323981619554   10    2    9    5
 -0.0002071773398978133   10    2    9    6
 0.000747458376291341   10    2    9    7
 -0.0004751866834467134   10    2    9    8
 -0.01062159694967534   10    2    9    9
 -0.0003539358533439313   10    2   10    1
 0.001376189674105865   10    2   10    2
 0.003849209599295646   10    3    1    1
 0.0002891593227608919   10    3    2    1
 0.004153220613624962   10    3    2    2
 0.0001153511831934047   10    3    3    1
 -0.000202481928994906   10    3    3    2
 0.003651254637693498   10    3    3    3
 1.969412648911158e-05   10    3    4    1
 -0.0001673068162349367   10    3    4    2
 -4.192572193997154e-05   10    3    4    3
 0.003490100604637292   10    3    4    4
 -4.946430693665183e-05   10    3    5    1
 -0.0001134951504294505   10    3    5    2
 0.0002487437260467684   10    3    5    3
 0.0003680616284871076   10    3    5    4
 0.004177577477492773   10    3    5    5
 -1.923435274665101e-05   10    3    6    1
 8.55356045251718e-05   10    3    6    2
 -7.252039750034852e-05   10    3    6    3
 -0.0001421677043408395   10    3    6    4
 0.0001832588257378136   10    3    6    5
 0.004417059564523992   10    3    6    6
 -9.37921575398552e-05   10    3    7    1
 0.0001056172447665999   10    3    7    2
 -0.0001093683015052991   10    3    7    3
 0.0003079038668717424   10    3    7    4
 5.338581216170568e-05   10    3    7    5
 -0.0003620851825063851   10    3    7    6
 0.003691907931799623   10    3    7    7
 7.407059273388631e-06   10    3    8    1
 -0.0001436866997901935   10    3    8    2
 0.0002426469578287089   10    3    8    3
 3.900587231327449e-05   10    3    8    4
 0.0001286735551677755   10    3    8    5
 -0.0001569872209063198   10    3    8    6
 6.002478111679826e-05   10    3    8    7
 0.003856596492946345   10    3    8    8
 -0.0001795469002495351   10    3    9    1
 9.910175006024529e-05   10    3    9    2
 -1.219394331414701e-05   10    3    9    3
 0.0001019525221570668   10    3    9    4
 4.964907743299541e-05   10    3    9    5
 0.0002011411873354017   10    3    9    6
 -0.0001996238341387842   10    3    9    7
 0.0001799731046076745   10    3    9    8
 0.00409594486956474   10    3    9    9
 0.0001630186241933858   10    3   10    1
 -0.0002437297161658503   10    3   10    2
 0.0003778448277521809   10    3   10    3
 0.0005149000655498657   10    4    1    1
 -1.911797960298388e-05   10    4    2    1
 0.0002927226352369758   10    4    2    2
 -6.955650134593177e-05   10    4    3    1
 3.834327203517065e-06   10    4    3    2
 0.000212204854352804   10    4    3    3
 0.0001563583316513769   10    4    4    1
 -0.0003399074942164665   10    4    4    2
 0.0001331666031646467   10    4    4    3
 0.0004190165843105822   10    4    4    4
 -6.424409202396332e-05   10    4    5    1
 0.0001045473517569736   10    4    5    2
 -1.071448378501283e-05   10    4    5    3
 -6.020459079508087e-05   10    4    5    4
 0.0001130416326071739   10    4    5    5
 -6.735048899306061e-05   10    4    6    1
 8.898957262033759e-05   10    4    6    2
 -0.0001533718904797007   10    4    6    3
 0.0001901361868851309   10    4    6    4
 -3.728467539781189e-05   10    4    6    5
 -0.000610996448050933   10    4    6    6
 2.947639697638343e-05   10    4    7    1
 -0.0001271951003972369   10    4    7    2
 3.501314341634869e-05   10    4    7    3
 -0.0003267657956566434   10    4    7    4
 -0.0002202129033571601   10    4    7    5
 0.0002602265018421865   10    4    7    6
 0.0001941974538946551   10    4    7    7
 3.503968980979005e-05   10    4    8    1
 -2.119668376355355e-05   10    4    8    2
 8.581200902109252e-05   10    4    8    3
 -5.699198630397942e-06   10    4    8    4
 5.664940863773313e-05   10    4    8    5
 0.0001257378836790577   10    4    8    6
 -0.0001578714889168706   10    4    8    7
 -0.0004868918753136054   10    4    8    8
 0.000201889806840506   10    4    9    1
 -5.183423809832481e-05   10    4    9    2
 2.223756375041455e-05   10    4    9    3
 -7.726553942752272e-05   10    4    9    4
 -0.000105213303928024   10    4    9    5
 -0.0003623897958671101   10    4    9    6
 0.0001228911995017277   10    4    9    7
 0.0004550648894362322   10    4    9    8
 -0.0001932135160264024   10    4    9    9
 -6.890862566815937e-05   10    4   10    1
 -3.063642016958645e-05   10    4   10    2
 -9.818922462933116e-05   10    4   10    3
 0.0002270016310966876   10    4   10    4
 0.000606323189850395   10    5    1    1
 -2.558527942319267e-05   10    5    2    1
 0.0001260392427646142   10    5    2    2
 -0.0002164724316430532   10    5    3    1
 -7.895110328096083e-05   10    5    3    2
 9.43254308618993e-06   10    5    3    3
 6.593044674937119e-05   10    5    4    1
 0.0002317801956454737   10    5    4    2
 3.655059488548948e-05   10    5    4    3
 0.0007241356009307289   10    5    4    4
 0.0002739388252732884   10    5    5    1
 -0.0004313746666339132   10    5    5    2
 0.0001706094282329719   10    5    5    3
 0.000124881774802248   10    5    5    4
 0.0003781249464579771   10    5    5    5
 -6.189647295053531e-05   10    5    6    1
 0.0001307373168425704   10    5    6    2
 -0.0002308566045874117   10    5    6    3
 0.0002336752705522818   10    5    6    4
 3.653619585791554e-05   10    5    6    5
 0.0003280237013139582   10    5    6    6
 -9.22309133425852e-07   10    5    7    1
 6.319660498912045e-06   10    5    7    2
 -0.0001066193839060273   10    5    7    3
 -0.0001649270408139142   10    5    7    4
 -0.0003962957816150632   10    5    7    5
 0.0001806492205907852   10    5    7    6
 0.0006584269827905951   10    5    7    7
 7.046400166759828e-05   10    5    8    1
 -0.0001319869460224895   10    5    8    2
 0.0002112815500083744   10    5    8    3
 -4.440731988075594e-05   10    5    8    4
 0.0002101228622136013   10    5    8    5
 -1.680763380577705e-05   10    5    8    6
 8.76253021169682e-05   10    5    8    7
 0.0001707970979833459   10    5    8    8
 0.000128275309883145   10    5    9    1
 4.257414342278204e-05   10    5    9    2
 -6.014947809632516e-05   10    5    9    3
 1.161107345709939e-06   10    5    9    4
 -0.0001921374966518578   10    5    9    5
 -0.0002837949572823877   10    5    9    6
 6.416112138471704e-05   10    5    9    7
 0.000190866874627961   10    5    9    8
 0.0008238798398951155   10    5    9    9
 -1.825317988206467e-05   10    5   10    1
 -0.0002002896130904942   10    5   10    2
 -6.915858281591788e-07   10    5   10    3
 0.0001273894887579797   10    5   10    4
 0.0004174941383684852   10    5   10    5
 -0.0002745818940595051   10    6    1    1
 2.507786238578376e-05   10    6    2    1
 -0.0004728717969918864   10    6    2    2
 1.754534325698343e-05   10    6    3    1
 5.3623434821284e-05   10    6    3    2
 -0.0003259717729231726   10    6    3    3
 -6.284332213551986e-05   10    6    4    1
 -2.236933602472192e-05   10    6    4    2
 -5.487382372246988e-05   10    6    4    3
 -0.0002118086556836164   10    6    4    4
 -0.0001267761366645572   10    6    5    1
 -1.102978588836939e-05   10    6    5    2
 3.519279544009716e-05   10    6    5    3
 -0.0001029795146742178   10    6    5    4
 -0.0002895579777018826   10    6    5    5
 0.0002653448167675059   10    6    6    1
 -0.0004021212725375766   10    6    6    2
 7.470860719875287e-05   10    6    6    3
 0.0001118243977162936   10    6    6    4
 7.285709809369598e-06   10    6    6    5
 0.0003039577673622028   10    6    6    6
 2.859552428901865e-05   10    6    7    1
 -0.0002002931497871014   10    6    7    2
 0.0002243316226785143   10    6    7    3
 -0.0003077338877784585   10    6    7    4
 5.508694991554511e-05   10    6    7    5
 0.00464657234744008   10    6    7    6
 -0.005736422770558486   10    6    7    7
 7.949747658269556e-05   10    6    8    1
 1.104601342362002e-05   10    6    8    2
 0.0001824591231892427   10    6    8    3
 -0.0001573563982804977   10    6    8    4
 4.464844842706192e-05   10    6    8    5
 -0.0008061826199217309   10    6    8    6
 0.001064382032090863   10    6    8    7
 0.001772484005812125   10    6    8    8
 -0.0002336840965278858   10    6    9    1
 0.0002534201489176753   10    6    9    2
 -0.0003729496143353583   10    6    9    3
 0.0002591134024242525   10    6    9    4
 -0.0002762177431348278   10    6    9    5
 -0.002908506639228457   10    6    9    6
 0.002634619683960836   10    6    9    7
 -0.00694670846416072   10    6    9    8
 0.006397930355642876   10    6    9    9
 2.796322106490047e-05   10    6   10    1
 0.0001525385831772671   10    6   10    2
 -0.0004080207125049225   10    6   10    3
 -0.0002360737540011244   10    6   10    4
 0.0005350252120107665   10    6   10    5
 0.02384192607673512   10    6   10    6
 -0.002271508405634772   10    7    1    1
 -4.313897083567233e-05   10    7    2    1
 -0.001975890041943018   10    7    2    2
 -8.644839728394391e-05   10    7    3    1
 0.000204148025927113   10    7    3    2
 -0.001673541780791419   10    7    3    3
 0.0001190104777175789   10    7    4    1
 -0.0004057495163983255   10    7    4    2
 0.0002654027741363394   10    7    4    3
 -0.002311519375206195   10    7    4    4
 -2.99529516511757e-05   10    7    5    1
 9.780535665308702e-05   10    7    5    2
 -4.363384796823108e-05   10    7    5    3
 -8.400058335132221e-05   10    7    5    4
 -0.002374004680552937   10    7    5    5
 0.0002115781406373502   10    7    6    1
 -0.0002374326909615136   10    7    6    2
 0.0001362268729318463   10    7    6    3
 -0.0001892784105305036   10    7    6    4
 0.0002151453379454779   10    7    6    5
 -0.003996189443523299   10    7    6    6
 0.0001386267758736277   10    7    7    1
 -0.0002643030781717804   10    7    7    2
 -0.0001511023418923958   10    7    7    3
 0.0006198103591070434   10    7    7    4
 0.0004627374984116372   10    7    7    5
 0.003083859916926046   10    7    7    6
 0.003243430578871079   10    7    7    7
 -6.908189961162875e-05   10    7    8    1
 -0.0002021588529113896   10    7    8    2
 0.0005594793824603479   10    7    8    3
 -8.553566159002911e-05   10    7    8    4
 0.000201819819446511   10    7    8    5
 0.0002632824835108791   10    7    8    6
 -0.001101162205347032   10    7    8    7
 0.01183000663201916   10    7    8    8
 -0.0005174249989993206   10    7    9    1
 6.350586875222929e-05   10    7    9    2
 0.0001939294295536327   10    7    9    3
 0.0003372868228837976   10    7    9    4
 0.0001101872924184931   10    7    9    5
 -0.007016056107909926   10    7    9    6
 0.0007949131024861413   10    7    9    7
 0.004680436760497793   10    7    9    8
 0.005889067449331952   10    7    9    9
 -0.0001527919428856822   10    7   10    1
 -2.57772794213031e-05   10    7   10    2
 -0.0003485147554983452   10    7   10    3
 0.0009200174911537399   10    7   10    4
 0.0004246198489416344   10    7   10    5
 0.001765994813215772   10    7   10    6
 0.02438324982069258   10    7   10    7
 0.0006431009869535251   10    8    1    1
 1.508731767526232e-05   10    8    2    1
 0.0009712126991946454   10    8    2    2
 9.148138190291091e-05   10    8    3    1
 -0.0001302138912749938   10    8    3    2
 0.0008549028076348942   10    8    3    3
 -2.699432461011652e-06   10    8    4    1
 1.992422712610848e-05   10    8    4    2
 -6.093538517030417e-05   10    8    4    3
 0.0006406579688208743   10    8    4    4
 4.793374181816235e-05   10    8    5    1
 -3.810203139244511e-05   10    8    5    2
 1.380688829804815e-05   10    8    5    3
 5.199146303626308e-05   10    8    5    4
 0.0008711654295308063   10    8    5    5
 1.183229457942481e-05   10    8    6    1
 -3.335540147381859e-05   10    8    6    2
 0.0001451583704177067   10    8    6    3
 -7.860227559218771e-05   10    8    6    4
 -0.0001760358073043493   10    8    6    5
 -0.0040742933190221   10    8    6    6
 1.732768842960358e-05   10    8    7    1
 -4.130368050649373e-05   10    8    7    2
 3.165200092049414e-05   10    8    7    3
 -7.145178699728469e-05   10    8    7    4
 -9.258569613732915e-05   10    8    7    5
 -0.001860831555877508   10    8    7    6
 -0.0009116907387593767   10    8    7    7
 0.0001388804505392432   10    8    8    1
 -0.0002487576817024309   10    8    8    2
 -0.0001106689005441218   10    8    8    3
 -0.0001417705115730802   10    8    8    4
 -0.0002150608848151379   10    8    8    5
 -0.0002123681921167983   10    8    8    6
 -0.00348214402933089   10    8    8    7
 -0.004850491921441317   10    8    8    8
 0.0002151629663917079   10    8    9    1
 -0.000312695970761368   10    8    9    2
 0.0003569251775131491   10    8    9    3
 -4.790113697571154e-05   10    8    9    4
 0.0001442824616620072   10    8    9    5
 -0.001786638565306334   10    8    9    6
 0.0006612723065142945   10    8    9    7
 0.004200692069292711   10    8    9    8
 -0.008870360679428825   10    8    9    9
 -0.0002445272039077664   10    8   10    1
 0.0001189266434824942   10    8   10    2
 0.0003523595892792389   10    8   10    3
 0.0002881042326156027   10    8   10    4
 0.0001835343825561638   10    8   10    5
 -0.004480811239552717   10    8   10    6
 0.001191275900747008   10    8   10    7
 0.01655248908433588   10    8   10    8
 0.0005727807868968179   10    9    1    1
 -3.844782368173474e-06   10    9    2    1
 0.0006684912152216928   10    9    2    2
 5.107903447971831e-05   10    9    3    1
 -5.44978889634675e-05   10    9    3    2
 0.0008473460391594365   10    9    3    3
 -3.352123204250348e-05   10    9    4    1
 2.063654897330332e-05   10    9    4    2
 -0.0001540675413201494   10    9    4    3
 0.0007141227475416107   10    9    4    4
 1.941086824853731e-05   10    9    5    1
 1.63918644869181e-05   10    9    5    2
 1.265115024634472e-05   10    9    5    3
 3.111995852356278e-05   10    9    5    4
 0.0009345437634218296   10    9    5    5
 -1.637689048325974e-05   10    9    6    1
 -6.533051921178716e-05   10    9    6    2
 -0.0001942131577075209   10    9    6    3
 -0.0002789037389110006   10    9    6    4
 0.0009308414263631086   10    9    6    5
 0.0379826243318032   10    9    6    6
 -0.0002873795333351782   10    9    7    1
 0.0002279456008155962   10    9    7    2
 -0.0005304332350409353   10    9    7    3
 0.0008581149907398551   10    9    7    4
 0.0003380698080578081   10    9    7    5
 0.003137498079643676   10    9    7    6
 0.02574542848381222   10    9    7    7
 -7.898940529667372e-05   10    9    8    1
 -0.0004029720283060764   10    9    8    2
 0.0006713568594607674   10    9    8    3
 2.006889425683224e-05   10    9    8    4
 0.0005693045148523467   10    9    8    5
 0.006194629556216556   10    9    8    6
 -0.003891841114651596   10    9    8    7
 0.02144511616171457   10    9    8    8
 -0.0003965687548150275   10    9    9    1
 -0.0002942063223769543   10    9    9    2
 0.0003282214142318878   10    9    9    3
 0.0003634148479518464   10    9    9    4
 0.0002170127262503173   10    9    9    5
 -0.002736118346812178   10    9    9    6
 -0.001160437505177266   10    9    9    7
 0.001879953996054742   10    9    9    8
 0.03540339053214146   10    9    9    9
 -0.000292357744850762   10    9   10    1
 -0.000346222801357669   10    9   10    2
 0.00017561781747061   10    9   10    3
 0.0004980988311972831   10    9   10    4
 0.0002336163669379571   10    9   10    5
 -0.0009246860267752988   10    9   10    6
 0.0001004821250019303   10    9   10    7
 0.002136523847875718   10    9   10    8
 0.02959675191917747   10    9   10    9
 0.1880395471996806   10   10    1    1
 0.0005691601581382707   10   10    2    1
 0.1905673424576126   10   10    2    2
 0.001819517655035935   10   10    3    1
 -0.001852412080615573   10   10    3    2
 0.1833257884698318   10   10    3    3
 -0.00132971953934483   10   10    4    1
 0.001130733742675229   10   10    4    2
 -0.005017369563034451   10   10    4    3
 0.1818499554661987   10   10    4    4
 -0.0004468329602678345   10   10    5    1
 -0.000737597732853876   10   10    5    2
 0.004135881505614572   10   10    5    3
 0.004419270567307757   10   10    5    4
 0.1945837774750989   10   10    5    5
 0.0005257669732682953   10   10    6    1
 0.0006718050782407812   10   10    6    2
 -0.005081131633989973   10   10    6    3
 -0.00618080386942229   10   10    6    4
 0.01297874772866579   10   10    6    5
 0.675973571418199   10   10    6    6
 -0.003780278022674777   10   10    7    1
 0.002190284192232761   10   10    7    2
 -0.004933031760157862   10   10    7    3
 0.0142495416930501   10   10    7    4
 0.00526291109792227   10   10    7    5
 -0.01672465418947429   10   10    7    6
 0.5944808513937514   10   10    7    7
 -0.001788838007223451   10   10    8    1
 -0.006273533416855465   10   10    8    2
 0.01356287705555414   10   10    8    3
 0.004216757297174804   10   10    8    4
 0.00859599224969862   10   10    8    5
 -0.01487190961060251   10   10    8    6
 0.009382346341309937   10   10    8    7
 0.6356773203314902   10   10    8    8
 -0.01069624157129655   10   10    9    1
 0.006076893130679784   10   10    9    2
 -0.0008315267760565087   10   10    9    3
 0.006724431139394133   10   10    9    4
 0.001280568189699277   10   10    9    5
 -0.0003991785022604283   10   10    9    6
 -0.02110810680943536   10   10    9    7
 0.004032384288246649   10   10    9    8
 0.6764016426376209   10   10    9    9
 0.006189317935009538   10   10   10    1
 -0.01121778161893972   10   10   10    2
 0.00462158597600698   10   10   10    3
 -0.0007543677879040068   10   10   10    4
 0.0001171368204368778   10   10   10    5
 0.0004801287757024948   10   10   10    6
 0.005656676032629323   10   10   10    7
 -0.00519452588061072   10   10   10    8
 0.03548254681208061   10   10   10    9
 0.7358479944045082   10   10   10   10
 -3.891853179047622    1    1  0  0
 -0.1408748734382598    2    1  0  0
 -3.889357893928395    2    2  0  0
 0.008991454655217277    3    1  0  0
 -0.04846071180690911    3    2  0  0
 -3.568822174786605    3    3  0  0
 -0.02377290171506141    4    1  0  0
 0.04027712999316438    4    2  0  0
 -0.05626971897946328    4    3  0  0
 -3.578843029377411    4    4  0  0
 -0.0007677802749042064    5    1  0  0
 0.01698337717810202    5    2  0  0
 -0.1045829206139912    5    3  0  0
 -0.08828701764590909    5    4  0  0
 -3.868498245262531    5    5  0  0
 -0.001126533658708318    6    1  0  0
 -0.006339195698605514    6    2  0  0
 0.05068872948857709    6    3  0  0
 0.05129259198383865    6    4  0  0
 -0.1698122996965306    6    5  0  0
 -3.874301286307807    6    6  0  0
 0.04746641166328751    7    1  0  0
 -0.0408158138129052    7    2  0  0
 0.06705279176810519    7    3  0  0
 -0.1495794427114179    7    4  0  0
 -0.03845184750524713    7    5  0  0
 0.06340544252105816    7    6  0  0
 -3.534835502545858    7    7  0  0
 0.005418286645857754    8    1  0  0
 0.05956036429136292    8    2  0  0
 -0.1371826918964466    8    3  0  0
 -0.02634355460194276    8    4  0  0
 -0.06079352749830035    8    5  0  0
 0.1201287060935058    8    6  0  0
 -0.03754636780937017    8    7  0  0
 -3.613146217785698    8    8  0  0
 0.1139301464587537    9    1  0  0
 -0.05518993271399291    9    2  0  0
 0.01815419919671667    9    3  0  0
 -0.06982964909948765    9    4  0  0
 -0.004267830598359017    9    5  0  0
 0.01329637473711273    9    6  0  0
 0.06424578678078335    9    7  0  0
 -0.02857318042658474    9    8  0  0
 -3.891824900786979    9    9  0  0
 -0.04639021833642697   10    1  0  0
 0.1123435941844507   10    2  0  0
 -0.04361093290740875   10    3  0  0
 0.009824878185405266   10    4  0  0
 -0.003337305886510868   10    5  0  0
 -0.0005076199816658783   10    6  0  0
 -0.007049089893603208   10    7  0  0
 0.01586900982476532   10    8  0  0
 -0.1394226471972785   10    9  0  0
 -3.894519963521393   10   10  0  0
 -95.54974224310712  0  0  0  0
