 &FCI NORB=  10,NELEC=10,MS2=0,
  ORBSYM=1,1,1,1,1,1,1,1,1,1,
  ISYM=1,
 &END
 0.8069127396408035    1    1    1    1
 8.395493113706478e-05    2    1    1    1
 0.02929578252006661    2    1    2    1
 0.6898896237807114    2    2    1    1
 0.0003739508444538498    2    2    2    1
 0.6951621871756655    2    2    2    2
 -0.0009555744355907895    3    1    1    1
 -0.00172854825655244    3    1    2    1
 -0.008836435098953665    3    1    2    2
 0.02240353783622074    3    1    3    1
 -0.0001348223664399759    3    2    1    1
 0.003367365868036389    3    2    2    1
 -0.001663590906198776    3    2    2    2
 -0.00240314811886656    3    2    3    1
 0.01740641658616001    3    2    3    2
 0.6142194080060753    3    3    1    1
 0.004096228836225846    3    3    2    1
 0.5776576919594325    3    3    2    2
 -0.0006872646888249243    3    3    3    1
 -0.00316559514022237    3    3    3    2
 0.5472716618567287    3    3    3    3
 -0.00106651018990574    4    1    1    1
 -0.001577302706666574    4    1    2    1
 0.0004970126206210359    4    1    2    2
 -0.001494547774538645    4    1    3    1
 -0.007151529910329611    4    1    3    2
 -0.003465268983752436    4    1    3    3
 0.02962864776430986    4    1    4    1
 -0.005368215370996038    4    2    1    1
 -0.0007677791832371598    4    2    2    1
 -0.008652745940578854    4    2    2    2
 0.0003199403858337012    4    2    3    1
 0.001509836220212044    4    2    3    2
 -0.01458671182746362    4    2    3    3
 0.0005144562051774649    4    2    4    1
 0.01983864699030425    4    2    4    2
 -0.00205526652392199    4    3    1    1
 0.006976071667741438    4    3    2    1
 -0.006286923500784479    4    3    2    2
 0.001858604903358756    4    3    3    1
 0.002397093447143706    4    3    3    2
 -0.004155340673336656    4    3    3    3
 -0.002942530376560858    4    3    4    1
 0.002028711793325302    4    3    4    2
 0.01723122372598594    4    3    4    3
 0.6867875103542135    4    4    1    1
 -0.0009936508705140265    4    4    2    1
 0.653165855842485    4    4    2    2
 0.006619899271009718    4    4    3    1
 -0.005706474674903977    4    4    3    2
 0.5770605668631605    4    4    3    3
 -0.001258136640740891    4    4    4    1
 -0.00857825530890041    4    4    4    2
 -0.003064805104895905    4    4    4    3
 0.6910466540124356    4    4    4    4
 -0.0008759761367947049    5    1    1    1
 0.00123799557653227    5    1    2    1
 -0.0006841090086905977    5    1    2    2
 0.0005156724768978091    5    1    3    1
 0.001102903156663362    5    1    3    2
 -0.001318810099578639    5    1    3    3
 -0.0007840576628485327    5    1    4    1
 0.001218058584393553    5    1    4    2
 0.001545481101741193    5    1    4    3
 0.0001745259656881138    5    1    4    4
 0.01444765749850643    5    1    5    1
 -0.02254853884966614    5    2    1    1
 -4.825650832331848e-05    5    2    2    1
 -0.01848315233827212    5    2    2    2
 0.006064140760941285    5    2    3    1
 -0.0001440852248429818    5    2    3    2
 -0.01963881103258487    5    2    3    3
 -0.0008799045056281343    5    2    4    1
 0.005710958118664866    5    2    4    2
 0.003315309021055497    5    2    4    3
 -0.007023456634266686    5    2    4    4
 0.001931034770054065    5    2    5    1
 0.0254267904413547    5    2    5    2
 -0.0002486147091526122    5    3    1    1
 -0.007603196187408304    5    3    2    1
 0.001663227853831147    5    3    2    2
 0.0002525760612739761    5    3    3    1
 0.002152005486980569    5    3    3    2
 0.0003585231188920426    5    3    3    3
 -0.008196522223120201    5    3    4    1
 -0.0005158053962237037    5    3    4    2
 -0.002661013211063819    5    3    4    3
 0.0005548063067405854    5    3    4    4
 -0.0003764112053590585    5    3    5    1
 -0.0007591784372413736    5    3    5    2
 0.02236394843380845    5    3    5    3
 0.02264326174186048    5    4    1    1
 -0.0002728816435352701    5    4    2    1
 0.007603111027718104    5    4    2    2
 0.00613536039330598    5    4    3    1
 -0.002862788453657217    5    4    3    2
 0.02090942790349055    5    4    3    3
 -0.0004486004933417153    5    4    4    1
 -0.005543241618243097    5    4    4    2
 -0.000397601220466263    5    4    4    3
 0.01919211526519714    5    4    4    4
 -0.001137255614402724    5    4    5    1
 -0.003337869269135626    5    4    5    2
 -0.0005205717461241455    5    4    5    3
 0.02548000446308434    5    4    5    4
 0.6739925966557454    5    5    1    1
 -0.0036006613491185    5    5    2    1
 0.6084628092926415    5    5    2    2
 7.365150362560075e-05    5    5    3    1
 -0.001374821403048088    5    5    3    2
 0.5393815569956916    5    5    3    3
 0.001139128283009261    5    5    4    1
 -0.002174530101291988    5    5    4    2
 -0.002778813896852672    5    5    4    3
 0.6068783968084557    5    5    4    4
 -0.0007022040794448036    5    5    5    1
 -0.01562338737782608    5    5    5    2
 0.0007913521102706412    5    5    5    3
 0.01646524266974034    5    5    5    4
 0.6180993392942722    5    5    5    5
 -0.002329822999512828    6    1    1    1
 -0.0003348303871692105    6    1    2    1
 -0.002111326916969128    6    1    2    2
 5.714546395239844e-05    6    1    3    1
 -4.775884122443551e-05    6    1    3    2
 -0.001983804314179873    6    1    3    3
 0.0003313264418303246    6    1    4    1
 5.56301697567753e-05    6    1    4    2
 -3.696889554458419e-05    6    1    4    3
 -0.002054823937712619    6    1    4    4
 0.0002437269968978512    6    1    5    1
 0.0001331903089316547    6    1    5    2
 -3.581067721184485e-06    6    1    5    3
 -7.903826118482282e-05    6    1    5    4
 -0.001932355357351778    6    1    5    5
 0.000186419907115813    6    1    6    1
 -0.007631068079308708    6    2    1    1
 -0.0001436019760476672    6    2    2    1
 -0.007853714225755025    6    2    2    2
 0.0002541587542720418    6    2    3    1
 8.413024424980483e-05    6    2    3    2
 -0.006056558429439079    6    2    3    3
 -2.570145406950883e-05    6    2    4    1
 0.0004272483662581028    6    2    4    2
 6.10479500525385e-05    6    2    4    3
 -0.007074572286163147    6    2    4    4
 5.48579164784084e-05    6    2    5    1
 0.0007652285907143182    6    2    5    2
 4.781657102504211e-05    6    2    5    3
 -0.0001169540900377006    6    2    5    4
 -0.006377297697103023    6    2    5    5
 8.258097140047227e-05    6    2    6    1
 0.0006256144966623041    6    2    6    2
 0.0008051174384698897    6    3    1    1
 0.0001575086198726981    6    3    2    1
 0.0008328996844152546    6    3    2    2
 3.613500954225988e-05    6    3    3    1
 -0.0002757882561513648    6    3    3    2
 0.0006824096563109472    6    3    3    3
 0.0001010873283212681    6    3    4    1
 -3.844768215811697e-05    6    3    4    2
 0.0002957831416720193    6    3    4    3
 0.0007409363261599494    6    3    4    4
 1.371885679496317e-05    6    3    5    1
 -5.686479292568377e-05    6    3    5    2
 0.0001973108251843782    6    3    5    3
 3.98481993643201e-06    6    3    5    4
 0.000704196481808984    6    3    5    5
 -1.937428349145754e-05    6    3    6    1
 -6.457124520287572e-05    6    3    6    2
 0.000698660532330215    6    3    6    3
 0.007436337806421336    6    4    1    1
 -1.01980934340661e-05    6    4    2    1
 0.006888651550207412    6    4    2    2
 0.0002250784013092395    6    4    3    1
 -9.587456971049237e-06    6    4    3    2
 0.005912853740429873    6    4    3    3
 -0.0002291072807757924    6    4    4    1
 -0.0004301255183586199    6    4    4    2
 -6.954479685292776e-05    6    4    4    3
 0.007646777722216045    6    4    4    4
 -1.49336909728295e-05    6    4    5    1
 -7.63952357691511e-05    6    4    5    2
 0.0001081972202127265    6    4    5    3
 0.0007751229531283077    6    4    5    4
 0.00624517584975242    6    4    5    5
 -7.717488689541558e-05    6    4    6    1
 -0.0004177748658268374    6    4    6    2
 -4.149139208155705e-05    6    4    6    3
 0.0006352032897417106    6    4    6    4
 0.01094440763098109    6    5    1    1
 -4.185206377451369e-05    6    5    2    1
 0.00968437413221594    6    5    2    2
 9.614373591865837e-07    6    5    3    1
 1.391479165839942e-05    6    5    3    2
 0.007778561449059139    6    5    3    3
 -2.98275153466362e-05    6    5    4    1
 -8.403226891527492e-05    6    5    4    2
 -3.50625562378924e-05    6    5    4    3
 0.009631745129121932    6    5    4    4
 -5.615200975354552e-05    6    5    5    1
 -0.0004532067960709199    6    5    5    2
 7.233958512369243e-05    6    5    5    3
 0.0004531130848754919    6    5    5    4
 0.009552534207715374    6    5    5    5
 -6.037329514633317e-05    6    5    6    1
 -0.0005250667910328035    6    5    6    2
 5.126435398991329e-05    6    5    6    3
 0.0005277842453914573    6    5    6    4
 0.0007941600218783715    6    5    6    5
 0.1822288474992748    6    6    1    1
 0.0003584961313651716    6    6    2    1
 0.1809970951948293    6    6    2    2
 -0.0003261091888183884    6    6    3    1
 -0.001481917683537904    6    6    3    2
 0.1821966872575793    6    6    3    3
 -0.0004765335175764972    6    6    4    1
 -0.002239372003469675    6    6    4    2
 -0.002097524593338281    6    6    4    3
 0.1808365629548227    6    6    4    4
 -0.0002350815111491239    6    6    5    1
 -0.006090243518727259    6    6    5    2
 0.0004636888730315044    6    6    5    3
 0.006501647883170079    6    6    5    4
 0.1741836883202183    6    6    5    5
 -0.002646762007664531    6    6    6    1
 -0.0094823687897913    6    6    6    2
 0.0006990729506461397    6    6    6    3
 0.009449211245242211    6    6    6    4
 0.009457804099571943    6    6    6    5
 0.6184342977307415    6    6    6    6
 -0.0001018923377577702    7    1    1    1
 0.0001488731760988697    7    1    2    1
 0.0002974720287072939    7    1    2    2
 -0.001177215101041672    7    1    3    1
 9.652622686304374e-05    7    1    3    2
 -0.000134771232774247    7    1    3    3
 0.0002203016452965559    7    1    4    1
 -6.982988721950447e-06    7    1    4    2
 -8.782738770874423e-05    7    1    4    3
 -0.0004805872098895593    7    1    4    4
 -5.759870464243287e-05    7    1    5    1
 -0.0005006073040243188    7    1    5    2
 -0.0001528001552568228    7    1    5    3
 -0.0004731211513703514    7    1    5    4
 -0.0001952754852076984    7    1    5    5
 1.370740053907109e-06    7    1    6    1
 -9.668248901246105e-05    7    1    6    2
 -5.264512720947373e-05    7    1    6    3
 -9.107153812074958e-05    7    1    6    4
 2.0726196307208e-07    7    1    6    5
 -4.072499593471737e-05    7    1    6    6
 0.0003656326184768638    7    1    7    1
 0.002187634919870964    7    2    1    1
 -0.0009563932079065054    7    2    2    1
 0.002298586301720417    7    2    2    2
 0.0001289603782197071    7    2    3    1
 -0.0006934159068342989    7    2    3    2
 0.001699143678148977    7    2    3    3
 4.737349712798766e-05    7    2    4    1
 1.327207472655692e-05    7    2    4    2
 -0.00067380487396793    7    2    4    3
 0.002621260060596539    7    2    4    4
 -0.0001323379727058069    7    2    5    1
 2.624609026224615e-05    7    2    5    2
 0.0003676137025146723    7    2    5    3
 0.0002457539810194646    7    2    5    4
 0.002017285625787481    7    2    5    5
 -4.558588216165635e-05    7    2    6    1
 -5.192303303704169e-05    7    2    6    2
 -0.000275793529040741    7    2    6    3
 0.0001829852055012426    7    2    6    4
 0.0001030589847096293    7    2    6    5
 0.002479749066911766    7    2    6    6
 -9.354011989556692e-06    7    2    7    1
 0.001359345292432543    7    2    7    2
 -0.02016113905417682    7    3    1    1
 -0.0002401935007970362    7    3    2    1
 -0.01903366718114935    7    3    2    2
 -2.054592724567344e-06    7    3    3    1
 -6.409574925895188e-05    7    3    3    2
 -0.0154476711721926    7    3    3    3
 0.0002311714994593079    7    3    4    1
 0.0006228467649735229    7    3    4    2
 -7.294663963322291e-05    7    3    4    3
 -0.01903276587619551    7    3    4    4
 2.503945733356262e-05    7    3    5    1
 0.0004309444570353538    7    3    5    2
 3.032770325125295e-05    7    3    5    3
 -0.0005017646303186655    7    3    5    4
 -0.01700935692634891    7    3    5    5
 6.337885863153136e-05    7    3    6    1
 0.0009209559031164126    7    3    6    2
 -0.0001245407070721815    7    3    6    3
 -0.0009178292541584947    7    3    6    4
 -0.0011284416350232    7    3    6    5
 -0.01689793780211636    7    3    6    6
 -3.328423844752451e-05    7    3    7    1
 -0.0002497448829563415    7    3    7    2
 0.004034889516396233    7    3    7    3
 0.003429604731235677    7    4    1    1
 6.471324735626885e-05    7    4    2    1
 0.003765393696184791    7    4    2    2
 -0.0001254124794171822    7    4    3    1
 -0.0006321834370017746    7    4    3    2
 0.002760514880105042    7    4    3    3
 0.0008909505240829292    7    4    4    1
 -7.905052675829045e-05    7    4    4    2
 -0.0006286498334100083    7    4    4    3
 0.00349070289190443    7    4    4    4
 -6.580218748470799e-05    7    4    5    1
 -0.0003028497581108526    7    4    5    2
 -0.000356446177843189    7    4    5    3
 -1.314819194832219e-06    7    4    5    4
 0.003014319793912934    7    4    5    5
 -6.894080488782086e-05    7    4    6    1
 -0.0001765957302595882    7    4    6    2
 0.0003044412692757348    7    4    6    3
 3.817063221024224e-05    7    4    6    4
 0.0001706051151943715    7    4    6    5
 0.004199277338100018    7    4    6    6
 -9.877224304048931e-06    7    4    7    1
 -0.0009784397337147912    7    4    7    2
 -0.0004590632650100443    7    4    7    3
 0.001459573878860246    7    4    7    4
 -0.0006263041893410297    7    5    1    1
 0.0005158482388152081    7    5    2    1
 -0.0008111024671011285    7    5    2    2
 0.0001631750231090958    7    5    3    1
 -0.0004451084894031052    7    5    3    2
 -0.0003451507556136335    7    5    3    3
 0.0005662550602730768    7    5    4    1
 2.509546202672549e-05    7    5    4    2
 0.0004564576089628567    7    5    4    3
 -0.0004608925629228955    7    5    4    4
 1.794772106491263e-05    7    5    5    1
 0.0002053757577521267    7    5    5    2
 -0.0014142866546673    7    5    5    3
 0.0002709969771001184    7    5    5    4
 -0.0006333914468071338    7    5    5    5
 -1.491157029769353e-06    7    5    6    1
 1.764252386628367e-06    7    5    6    2
 0.0001721291869432924    7    5    6    3
 -8.903512477512962e-05    7    5    6    4
 -5.369405681271339e-05    7    5    6    5
 -0.0006642464232055971    7    5    6    6
 -4.589292110183217e-06    7    5    7    1
 -0.0004903536004525196    7    5    7    2
 0.0001203838846108019    7    5    7    3
 0.0004771431398221672    7    5    7    4
 0.0007040907413460614    7    5    7    5
 -0.0005761161222052034    7    6    1    1
 -0.0005932688031930843    7    6    2    1
 -0.0005944336787235197    7    6    2    2
 -5.22583602474855e-05    7    6    3    1
 0.0005193700729403611    7    6    3    2
 -0.00072551883141846    7    6    3    3
 -0.0005574833479139996    7    6    4    1
 2.251523273906364e-05    7    6    4    2
 -0.0005410410240080984    7    6    4    3
 -0.0004571124059114643    7    6    4    4
 -2.888907129462968e-05    7    6    5    1
 0.0001036564635832219    7    6    5    2
 0.0006537129943292014    7    6    5    3
 -2.691219322613931e-05    7    6    5    4
 -0.0004905037805303534    7    6    5    5
 3.29169365272196e-05    7    6    6    1
 0.0001041560333358263    7    6    6    2
 -0.00140199390421906    7    6    6    3
 0.0002716628987136168    7    6    6    4
 -5.928568914431748e-05    7    6    6    5
 -0.0008301413199886772    7    6    6    6
 -5.747237723460374e-05    7    6    7    1
 0.0003542492225697653    7    6    7    2
 -4.911368319598844e-05    7    6    7    3
 -0.0004007295857290735    7    6    7    4
 0.0001987030781414974    7    6    7    5
 0.02233360447796439    7    6    7    6
 0.191177602210978    7    7    1    1
 0.0002053402867106062    7    7    2    1
 0.1894509166145099    7    7    2    2
 -0.0003509982739322946    7    7    3    1
 -0.00159817231503227    7    7    3    2
 0.1919202207824865    7    7    3    3
 -0.0005542836823419197    7    7    4    1
 -0.002544440050922565    7    7    4    2
 -0.002478448826930207    7    7    4    3
 0.1893172654935313    7    7    4    4
 -0.0003060714389856213    7    7    5    1
 -0.006554873473926062    7    7    5    2
 0.0006703242767850191    7    7    5    3
 0.006999950206378031    7    7    5    4
 0.1823340826871386    7    7    5    5
 -0.002356425110031477    7    7    6    1
 -0.0073321114007172    7    7    6    2
 0.0004052786249790273    7    7    6    3
 0.007250254974968545    7    7    6    4
 0.007710090929881007    7    7    6    5
 0.5397949021106923    7    7    6    6
 -8.728426163902381e-05    7    7    7    1
 0.002722493306623878    7    7    7    2
 -0.01534607141746581    7    7    7    3
 0.004061891958975528    7    7    7    4
 -0.0006391127842226229    7    7    7    5
 -0.0004636869906097283    7    7    7    6
 0.5477790656916891    7    7    7    7
 -0.003330317874101272    8    1    1    1
 -0.0006345029250027423    8    1    2    1
 -0.002779603893918518    8    1    2    2
 0.0002846172951948882    8    1    3    1
 -0.000430667889820102    8    1    3    2
 -0.002458646635710229    8    1    3    3
 0.0003505440784320912    8    1    4    1
 2.441841005495776e-05    8    1    4    2
 -0.0001392884431141613    8    1    4    3
 -0.002593228144069088    8    1    4    4
 -0.0003500641788270175    8    1    5    1
 0.000160074711434362    8    1    5    2
 -0.0001544583846712169    8    1    5    3
 1.334228470711734e-05    8    1    5    4
 -0.002577294977912167    8    1    5    5
 -3.000330991603731e-05    8    1    6    1
 8.469315828184112e-05    8    1    6    2
 0.0001271698245518473    8    1    6    3
 -0.0001280378412370628    8    1    6    4
 -9.139591758178764e-05    8    1    6    5
 -0.002620046045013304    8    1    6    6
 -3.800369613972644e-05    8    1    7    1
 -0.0004189260397343    8    1    7    2
 0.000203500999415641    8    1    7    3
 0.0003269650879756099    8    1    7    4
 0.0001477284460368084    8    1    7    5
 -0.0002401190789058214    8    1    7    6
 -0.002664499224204118    8    1    7    7
 0.0004225489227961619    8    1    8    1
 -0.01226733986922579    8    2    1    1
 2.677678422098075e-05    8    2    2    1
 -0.01248614371363073    8    2    2    2
 -3.586144214955274e-05    8    2    3    1
 7.670659812357485e-05    8    2    3    2
 -0.008951843509241325    8    2    3    3
 -1.99844962821991e-05    8    2    4    1
 4.07429967368142e-05    8    2    4    2
 0.000127459560653171    8    2    4    3
 -0.01180181183078276    8    2    4    4
 -2.527103204948134e-05    8    2    5    1
 -0.0002436016535404495    8    2    5    2
 -6.855866120851995e-05    8    2    5    3
 -7.723716494611854e-06    8    2    5    4
 -0.01050894538866824    8    2    5    5
 7.565743073327112e-05    8    2    6    1
 0.0004457317062069355    8    2    6    2
 2.542875254546321e-05    8    2    6    3
 -0.0004779397744874311    8    2    6    4
 -0.0005573955550949877    8    2    6    5
 -0.01054622794845344    8    2    6    6
 -7.603279757791483e-05    8    2    7    1
 -0.0002427728385233441    8    2    7    2
 0.001546039768479326    8    2    7    3
 -0.0001276428252700335    8    2    7    4
 0.0001379720633461024    8    2    7    5
 -9.556438734272155e-05    8    2    7    6
 -0.009031838027109025    8    2    7    7
 0.0001884840849976045    8    2    8    1
 0.001079563408162245    8    2    8    2
 0.005032336083159059    8    3    1    1
 -0.0005303495434072402    8    3    2    1
 0.004711035460475311    8    3    2    2
 -8.423712732347254e-05    8    3    3    1
 5.849454838683988e-05    8    3    3    2
 0.004113934938544764    8    3    3    3
 -0.0003719171337005355    8    3    4    1
 -0.0001743515769183133    8    3    4    2
 -0.0005349274211373492    8    3    4    3
 0.004848279756874347    8    3    4    4
 -0.0001203994612082878    8    3    5    1
 -0.0001922831059574924    8    3    5    2
 0.0003844716125221208    8    3    5    3
 0.0002458774760579998    8    3    5    4
 0.004261033599307257    8    3    5    5
 -5.301613857073374e-06    8    3    6    1
 -8.628323869230525e-05    8    3    6    2
 -0.0004673885645506902    8    3    6    3
 0.0002762194592378726    8    3    6    4
 0.0001766256314916589    8    3    6    5
 0.003050096442584952    8    3    6    6
 -3.104056959329846e-06    8    3    7    1
 0.00102159594019359    8    3    7    2
 -0.0004690487367743739    8    3    7    3
 -0.0008170367945332201    8    3    7    4
 -0.0002898071011428289    8    3    7    5
 0.0003531306314153817    8    3    7    6
 0.002773986120831142    8    3    7    7
 -0.0004376688901930898    8    3    8    1
 -0.0003378288055041469    8    3    8    2
 0.001400691899643772    8    3    8    3
 -0.0005959605527864761    8    4    1    1
 0.0001147621708617556    8    4    2    1
 -0.0003821956603847411    8    4    2    2
 -0.0002510014323545641    8    4    3    1
 8.839322508403467e-05    8    4    3    2
 -0.0002547652934480254    8    4    3    3
 -0.0001295381000221034    8    4    4    1
 -0.0003552216361808244    8    4    4    2
 0.0001155828476718629    8    4    4    3
 -0.0007371112911335681    8    4    4    4
 -4.624695496487753e-07    8    4    5    1
 -0.0001381830737475268    8    4    5    2
 2.586355755206981e-05    8    4    5    3
 -0.0003153105583074154    8    4    5    4
 -0.0005759466728764405    8    4    5    5
 -2.216695330017928e-05    8    4    6    1
 6.016949178573387e-05    8    4    6    2
 1.626601034821447e-05    8    4    6    3
 -0.0001335576549795349    8    4    6    4
 -0.0001461532773934868    8    4    6    5
 -0.0005975692107871942    8    4    6    6
 1.261438251859226e-05    8    4    7    1
 -7.675538568967957e-06    8    4    7    2
 0.0001849371804212929    8    4    7    3
 -6.659320602623939e-05    8    4    7    4
 -2.65954120101041e-05    8    4    7    5
 -1.166825316097198e-05    8    4    7    6
 -0.000253676527625915    8    4    7    7
 -7.344964304585569e-06    8    4    8    1
 5.280388907098918e-05    8    4    8    2
 -5.261008765762396e-05    8    4    8    3
 0.0002319468520105017    8    4    8    4
 -0.01076054592180916    8    5    1    1
 -9.826400342533125e-05    8    5    2    1
 -0.00954117732650102    8    5    2    2
 -0.000141317152116001    8    5    3    1
 2.300379638730014e-05    8    5    3    2
 -0.007329773325712298    8    5    3    3
 -0.0001636412610689998    8    5    4    1
 -0.0001836723048046997    8    5    4    2
 -8.968362493771845e-05    8    5    4    3
 -0.009601636609346969    8    5    4    4
 -0.0001507598123355    8    5    5    1
 -0.0004018100834555629    8    5    5    2
 0.0002681392011172058    8    5    5    3
 -0.0001299246885794688    8    5    5    4
 -0.009557356576778694    8    5    5    5
 4.189079961860502e-05    8    5    6    1
 0.0002863494570314938    8    5    6    2
 -9.059045521825054e-05    8    5    6    3
 -0.0003506800483086382    8    5    6    4
 -0.000535963697567389    8    5    6    5
 -0.006354286508640732    8    5    6    6
 4.985560817993191e-05    8    5    7    1
 5.171281770320277e-05    8    5    7    2
 0.0009403042820075166    8    5    7    3
 -0.0002850506454379584    8    5    7    4
 -3.66799270439238e-05    8    5    7    5
 0.0001084933449912483    8    5    7    6
 -0.005989914791355507    8    5    7    7
 3.94143686793876e-05    8    5    8    1
 0.0004453799710801876    8    5    8    2
 -4.410710501163685e-05    8    5    8    3
 0.0001383037771394992    8    5    8    4
 0.000647656673999526    8    5    8    5
 -0.006688661620938684    8    6    1    1
 2.257741875985372e-05    8    6    2    1
 -0.006480849334627243    8    6    2    2
 7.775372379602409e-05    8    6    3    1
 0.0001031223127166452    8    6    3    2
 -0.006743444193885279    8    6    3    3
 7.910779382270394e-06    8    6    4    1
 0.000178149189045848    8    6    4    2
 0.0002030830823812904    8    6    4    3
 -0.006393586003575472    8    6    4    4
 3.687957237901887e-05    8    6    5    1
 0.0004654802303324757    8    6    5    2
 -1.844633065993552e-05    8    6    5    3
 -0.0003600316736917561    8    6    5    4
 -0.006258638776105051    8    6    5    5
 6.690937345842546e-05    8    6    6    1
 -0.0003627017782403748    8    6    6    2
 0.0002659120895457513    8    6    6    3
 -0.000138292642017407    8    6    6    4
 -0.0004571384525846264    8    6    6    5
 -0.01623434900621194    8    6    6    6
 -9.783316580698763e-05    8    6    7    1
 -0.0002079127969052616    8    6    7    2
 0.0005102575423873469    8    6    7    3
 -0.0002275026659474319    8    6    7    4
 -4.887205936428879e-07    8    6    7    5
 -0.0004932785407883238    8    6    7    6
 -0.02060941524257461    8    6    7    7
 8.801602368473884e-05    8    6    8    1
 -0.0001970716756203712    8    6    8    2
 1.243582224879984e-05    8    6    8    3
 0.0003019099786085503    8    6    8    4
 0.0007712743596824702    8    6    8    5
 0.02544022125020652    8    6    8    6
 -0.002218749778688779    8    7    1    1
 -0.0003932922213361673    8    7    2    1
 -0.002137623991361325    8    7    2    2
 -4.807897370521038e-05    8    7    3    1
 0.00049799886375901    8    7    3    2
 -0.002413453437952161    8    7    3    3
 -0.0003221644286297176    8    7    4    1
 6.657694227871708e-05    8    7    4    2
 -0.0002039339565745757    8    7    4    3
 -0.002126822912614683    8    7    4    4
 3.352167336146354e-05    8    7    5    1
 0.0001965758284012134    8    7    5    2
 0.0005288803730551291    8    7    5    3
 -0.0002117088828100811    8    7    5    4
 -0.002020694553564974    8    7    5    5
 7.470602967155463e-06    8    7    6    1
 -1.603082973428873e-05    8    7    6    2
 -0.0004405237145407066    8    7    6    3
 9.812156935938401e-05    8    7    6    4
 -3.309782886327946e-05    8    7    6    5
 -0.002926880664170714    8    7    6    6
 3.560548960199975e-05    8    7    7    1
 6.808631914165562e-05    8    7    7    2
 -6.77009283765587e-05    8    7    7    3
 -0.0005301566284129665    8    7    7    4
 -0.0002945536357160313    8    7    7    5
 0.002528480530627517    8    7    7    6
 -0.004274295048565497    8    7    7    7
 -0.0001689111016623869    8    7    8    1
 -8.44061485847403e-06    8    7    8    2
 -0.0006632577939844038    8    7    8    3
 0.0001230297136406308    8    7    8    4
 6.550424408521305e-05    8    7    8    5
 0.0002336512176097936    8    7    8    6
 0.01741899876869298    8    7    8    7
 0.1898006050136775    8    8    1    1
 0.0005028458481673464    8    8    2    1
 0.1888725833107201    8    8    2    2
 -0.0004855462994157786    8    8    3    1
 -0.001541499422937728    8    8    3    2
 0.1892588729709646    8    8    3    3
 -0.0005676531741127738    8    8    4    1
 -0.002296125111720807    8    8    4    2
 -0.002219668859102501    8    8    4    3
 0.1884461541826193    8    8    4    4
 -0.000251876612788262    8    8    5    1
 -0.006260532601815922    8    8    5    2
 0.0004642391243522677    8    8    5    3
 0.00664399407364377    8    8    5    4
 0.1809246502450118    8    8    5    5
 -0.002718221034609532    8    8    6    1
 -0.009490388514434843    8    8    6    2
 0.0005005730241966975    8    8    6    3
 0.009530167593655303    8    8    6    4
 0.009548670836340097    8    8    6    5
 0.6076034959868261    8    8    6    6
 6.05209097016223e-05    8    8    7    1
 0.002780838722212998    8    8    7    2
 -0.01889190137084085    8    8    7    3
 0.004754179480244346    8    8    7    4
 -0.000694143710905537    8    8    7    5
 -0.0002169072700152236    8    8    7    6
 0.5773493110048149    8    8    7    7
 -0.00327088631770116    8    8    8    1
 -0.01250139091288715    8    8    8    2
 0.003573328438169744    8    8    8    3
 -0.0007506726956828221    8    8    8    4
 -0.007784930127745899    8    8    8    5
 -0.01906643220669074    8    8    8    6
 -0.003128896864967722    8    8    8    7
 0.6922896013170425    8    8    8    8
 -0.003219465775624071    9    1    1    1
 -0.0003440033032887022    9    1    2    1
 -0.00246280951968915    9    1    2    2
 -0.0001858018458766457    9    1    3    1
 -0.0002032753566758047    9    1    3    2
 -0.002423193271681103    9    1    3    3
 0.0007128510789292879    9    1    4    1
 2.088197973285306e-05    9    1    4    2
 -0.0004012841437124129    9    1    4    3
 -0.002606643258465546    9    1    4    4
 -0.0003796185652332947    9    1    5    1
 -1.21800760601964e-05    9    1    5    2
 0.0001085192864844768    9    1    5    3
 -0.0001881516203179873    9    1    5    4
 -0.002487250194559637    9    1    5    5
 -2.867186408340086e-05    9    1    6    1
 9.824393812268953e-05    9    1    6    2
 -0.0001365978787320481    9    1    6    3
 -5.819384456673984e-05    9    1    6    4
 -9.35142477794316e-05    9    1    6    5
 -0.002540469507676143    9    1    6    6
 4.586512778667303e-05    9    1    7    1
 0.0002972331004917756    9    1    7    2
 0.0002093740290356461    9    1    7    3
 -0.0004055309203943769    9    1    7    4
 -0.0001197936696303437    9    1    7    5
 0.0002789940624993632    9    1    7    6
 -0.002488580641442941    9    1    7    7
 -5.380050755831347e-05    9    1    8    1
 8.255731140922611e-05    9    1    8    2
 0.0002709619441459479    9    1    8    3
 1.387970452645425e-05    9    1    8    4
 0.0001399001840553839    9    1    8    5
 8.184584705223506e-05    9    1    8    6
 0.0001493136763966001    9    1    8    7
 -0.002966568394806344    9    1    8    8
 0.000391184469121925    9    1    9    1
 0.0006553738985232507    9    2    1    1
 -0.00010637302019247    9    2    2    1
 0.0007609367749368991    9    2    2    2
 -0.0002449945554233496    9    2    3    1
 -5.212082907469184e-05    9    2    3    2
 0.0002141589320981167    9    2    3    3
 0.0001080539933354838    9    2    4    1
 0.0003882113388459779    9    2    4    2
 -2.971435841705435e-05    9    2    4    3
 0.0004036346765494093    9    2    4    4
 -1.551864609345499e-05    9    2    5    1
 -0.0002938246446445222    9    2    5    2
 -1.165894717100087e-05    9    2    5    3
 -0.0001762472632333474    9    2    5    4
 0.0006137582569356542    9    2    5    5
 2.293992110222939e-05    9    2    6    1
 -0.0001364129186771023    9    2    6    2
 3.014226834327059e-05    9    2    6    3
 5.70053469103018e-05    9    2    6    4
 0.0001479358301341655    9    2    6    5
 0.0005334677893174382    9    2    6    6
 1.462342361187298e-05    9    2    7    1
 2.41366811951635e-05    9    2    7    2
 -0.0001891190784753531    9    2    7    3
 3.502830181911125e-05    9    2    7    4
 -1.581866333783711e-05    9    2    7    5
 -1.016456777713803e-05    9    2    7    6
 0.0001524739339501409    9    2    7    7
 3.457509103220009e-06    9    2    8    1
 -5.4298169153448e-05    9    2    8    2
 1.183296306249503e-05    9    2    8    3
 -8.430909833940968e-05    9    2    8    4
 -6.455396483691241e-05    9    2    8    5
 0.0001838841934059226    9    2    8    6
 -6.190278827816864e-05    9    2    8    7
 0.0003225342559065442    9    2    8    8
 -1.073127128002015e-05    9    2    9    1
 0.0002311606769944072    9    2    9    2
 -0.0028547921419945    9    3    1    1
 -0.0004324257800660953    9    3    2    1
 -0.002799201684697483    9    3    2    2
 -9.341268493616068e-05    9    3    3    1
 0.0004877510770944531    9    3    3    2
 -0.002636134022113042    9    3    3    3
 -0.0005010836847423834    9    3    4    1
 0.0001681732260198699    9    3    4    2
 -9.926017388481888e-05    9    3    4    3
 -0.0026548825251679    9    3    4    4
 5.32042647945032e-05    9    3    5    1
 0.0002233145071595424    9    3    5    2
 0.0003765618724663559    9    3    5    3
 -0.0002095205098627567    9    3    5    4
 -0.002381388656673516    9    3    5    5
 5.406208970515964e-06    9    3    6    1
 0.0001455401293943027    9    3    6    2
 -0.0005063873516752972    9    3    6    3
 6.050301954826265e-05    9    3    6    4
 -9.752361955505794e-05    9    3    6    5
 -0.001902932127325492    9    3    6    6
 1.226095753543509e-06    9    3    7    1
 0.0008655566360858765    9    3    7    2
 0.000242173862679937    9    3    7    3
 -0.001068248494297228    9    3    7    4
 -0.0002835126547921237    9    3    7    5
 0.000368965949988624    9    3    7    6
 -0.00161920440151768    9    3    7    7
 -0.0003401956466227029    9    3    8    1
 2.906835688506653e-05    9    3    8    2
 0.0009740377185364731    9    3    8    3
 2.320866897524369e-05    9    3    8    4
 0.0001801670289075717    9    3    8    5
 0.000223392051673845    9    3    8    6
 0.0006674776629952567    9    3    8    7
 -0.002495649650831789    9    3    8    8
 0.000382291491642559    9    3    9    1
 -4.794225796507061e-05    9    3    9    2
 0.001400062426271205    9    3    9    3
 0.0127905101791474    9    4    1    1
 1.34502579344452e-05    9    4    2    1
 0.01227922682644631    9    4    2    2
 -4.887680992699172e-05    9    4    3    1
 -0.0001324595657066439    9    4    3    2
 0.00938675819271944    9    4    3    3
 1.968036053770131e-05    9    4    4    1
 -3.919086498132564e-05    9    4    4    2
 3.38838774008827e-05    9    4    4    3
 0.01291182952701942    9    4    4    4
 2.140744143756134e-05    9    4    5    1
 -2.401412873011882e-05    9    4    5    2
 -0.0001022196247321527    9    4    5    3
 -0.0001841560840050044    9    4    5    4
 0.01091009638747047    9    4    5    5
 -7.920814903978182e-05    9    4    6    1
 -0.00048246668264041    9    4    6    2
 0.0001521319337825463    9    4    6    3
 0.0004371552383146234    9    4    6    4
 0.0005659213418625922    9    4    6    5
 0.01088714021749333    9    4    6    6
 -6.026084367798821e-05    9    4    7    1
 1.063607468909453e-05    9    4    7    2
 -0.001568768449065166    9    4    7    3
 0.0003786262186079571    9    4    7    4
 3.590373321635959e-05    9    4    7    5
 -7.66505781749056e-05    9    4    7    6
 0.009321084313565521    9    4    7    7
 -7.42017861664783e-05    9    4    8    1
 -0.0007846217065232895    9    4    8    2
 0.0001092919067036421    9    4    8    3
 -5.832004343190699e-05    9    4    8    4
 -0.0005031235388579701    9    4    8    5
 -2.246108959358903e-05    9    4    8    6
 -0.000127282690743307    9    4    8    7
 0.01222257165721526    9    4    8    8
 -0.0002088736613681053    9    4    9    1
 6.218863848115244e-05    9    4    9    2
 -0.0002826377252505652    9    4    9    3
 0.001122047881260856    9    4    9    4
 -0.01088028172095454    9    5    1    1
 0.0001386813674798833    9    5    2    1
 -0.009766818205348683    9    5    2    2
 0.0001397374401402034    9    5    3    1
 -5.066755252143133e-05    9    5    3    2
 -0.007440534206261896    9    5    3    3
 4.887585384295955e-05    9    5    4    1
 -0.0001894689900367397    9    5    4    2
 -1.475257598472874e-05    9    5    4    3
 -0.009606539359740264    9    5    4    4
 -0.000105892070572517    9    5    5    1
 0.0001467341994494348    9    5    5    2
 -0.0001066336789213157    9    5    5    3
 0.0003703466769293393    9    5    5    4
 -0.009623878875474546    9    5    5    5
 4.196829185471438e-05    9    5    6    1
 0.0003581936459142268    9    5    6    2
 -4.877264331272003e-06    9    5    6    3
 -0.000278444132289042    9    5    6    4
 -0.0005264241129889801    9    5    6    5
 -0.006329646304309916    9    5    6    6
 -5.805342564661034e-05    9    5    7    1
 -0.0001360340434837022    9    5    7    2
 0.0009121567752831247    9    5    7    3
 -8.690455129093453e-05    9    5    7    4
 6.583600970131957e-05    9    5    7    5
 -4.515271635842098e-05    9    5    7    6
 -0.006043493191335634    9    5    7    7
 0.0001113312850285297    9    5    8    1
 0.0004686014207517005    9    5    8    2
 -0.0001761984799366533    9    5    8    3
 5.565458268320737e-05    9    5    8    4
 0.0004251928491957825    9    5    8    5
 0.0001229572479748034    9    5    8    6
 7.033651448761808e-05    9    5    8    7
 -0.00702165796366761    9    5    8    8
 7.149961959073145e-05    9    5    9    1
 -0.0001337085768880569    9    5    9    2
 5.86815871830543e-05    9    5    9    3
 -0.0004499959630472779    9    5    9    4
 0.0006252725953843673    9    5    9    5
 -0.006858742941054371    9    6    1    1
 3.811383264937522e-05    9    6    2    1
 -0.006563456765667715    9    6    2    2
 -5.013529107771415e-05    9    6    3    1
 0.0001374377569108297    9    6    3    2
 -0.006931454409930716    9    6    3    3
 2.525738351218085e-05    9    6    4    1
 0.0001882850914742363    9    6    4    2
 0.0002120094844409526    9    6    4    3
 -0.006643997509125229    9    6    4    4
 2.887078141078895e-05    9    6    5    1
 0.0003595918130367148    9    6    5    2
 -0.0001036473277598817    9    6    5    3
 -0.0004942844260256159    9    6    5    4
 -0.006451415584903351    9    6    5    5
 9.075498996976711e-05    9    6    6    1
 0.0001542150517077742    9    6    6    2
 -0.0001950438168054797    9    6    6    3
 0.0003999086462213494    9    6    6    4
 -0.0004714570925743986    9    6    6    5
 -0.01692626978504528    9    6    6    6
 0.0001536544861862342    9    6    7    1
 -0.0002563045132363409    9    6    7    2
 0.000483808508234695    9    6    7    3
 -0.0002047831382211224    9    6    7    4
 5.718318454378535e-05    9    6    7    5
 0.0007684540342585968    9    6    7    6
 -0.02101726874629349    9    6    7    7
 0.0001207261366153109    9    6    8    1
 3.913483079976124e-05    9    6    8    2
 -0.000322985268590698    9    6    8    3
 -0.0001368611409751724    9    6    8    4
 9.048023260841491e-05    9    6    8    5
 0.003354597367381826    9    6    8    6
 0.003508484599437662    9    6    8    7
 -0.008288884745530068    9    6    8    8
 6.600492750309008e-05    9    6    9    1
 -0.000295695309013367    9    6    9    2
 -5.687354926571854e-07    9    6    9    3
 0.0001973033822674532    9    6    9    4
 0.0007866619688344367    9    6    9    5
 0.02572848259742228    9    6    9    6
 0.001631707571957105    9    7    1    1
 -0.0003468393446878463    9    7    2    1
 0.00158663417722211    9    7    2    2
 -4.816452904358663e-05    9    7    3    1
 0.0002057431343348507    9    7    3    2
 0.001627467819415937    9    7    3    3
 -0.0003770846288796942    9    7    4    1
 -4.527447398809724e-05    9    7    4    2
 -0.000524973187892775    9    7    4    3
 0.001621814873906901    9    7    4    4
 -7.223326183247784e-05    9    7    5    1
 -0.000125249995630357    9    7    5    2
 0.0005457424229297639    9    7    5    3
 0.0001085941292785779    9    7    5    4
 0.00153587107591222    9    7    5    5
 5.048258306153204e-05    9    7    6    1
 3.67134097599767e-05    9    7    6    2
 -0.0004519032032355368    9    7    6    3
 2.689337550549645e-05    9    7    6    4
 -1.058574135297779e-05    9    7    6    5
 0.001254641130946508    9    7    6    6
 2.790133026405023e-05    9    7    7    1
 0.0004978643618755986    9    7    7    2
 5.676053055936459e-05    9    7    7    3
 -9.74965260296594e-05    9    7    7    4
 -0.0002775269757108354    9    7    7    5
 0.002291506977508805    9    7    7    6
 0.003119113868206952    9    7    7    7
 -0.0001519371443445328    9    7    8    1
 -0.00013542993425203    9    7    8    2
 0.0006552591552617622    9    7    8    3
 -6.228836136772715e-05    9    7    8    4
 2.66745687818695e-06    9    7    8    5
 -0.002636347519148757    9    7    8    6
 -0.002412963162590894    9    7    8    7
 0.005697567446196801    9    7    8    8
 0.0001943422774728592    9    7    9    1
 5.02003781484255e-05    9    7    9    2
 -0.000632469645901085    9    7    9    3
 4.629034109683962e-05    9    7    9    4
 -9.110203390112303e-05    9    7    9    5
 -0.0001108706229713057    9    7    9    6
 0.01717357338277343    9    7    9    7
 0.00238478622660812    9    8    1    1
 3.675861240983242e-05    9    8    2    1
 0.002285990209533249    9    8    2    2
 -1.039058038430291e-05    9    8    3    1
 -6.205881342542463e-05    9    8    3    2
 0.002532529766957478    9    8    3    3
 2.31803446159167e-06    9    8    4    1
 -0.0001899887106829048    9    8    4    2
 -4.806855000504518e-05    9    8    4    3
 0.002278229032823991    9    8    4    4
 -3.076315209407511e-06    9    8    5    1
 -0.0001830436440519191    9    8    5    2
 -1.06052258231446e-05    9    8    5    3
 0.00017817620637859    9    8    5    4
 0.002226498206777186    9    8    5    5
 4.318427332827785e-05    9    8    6    1
 0.0001852690867587524    9    8    6    2
 5.218462445176561e-05    9    8    6    3
 -0.0002043694829469866    9    8    6    4
 8.159420772599575e-05    9    8    6    5
 0.001985613528349649    9    8    6    6
 -4.68816556167045e-06    9    8    7    1
 0.0001446651438867848    9    8    7    2
 -0.0006072113534179456    9    8    7    3
 0.000190557944921588    9    8    7    4
 -2.84256816869212e-05    9    8    7    5
 -0.0009690748411319555    9    8    7    6
 0.01434132051333757    9    8    7    7
 -0.0001435144821868548    9    8    8    1
 -2.275968874902532e-05    9    8    8    2
 4.832074732074515e-05    9    8    8    3
 0.0003657436503680064    9    8    8    4
 -0.0004276151689021187    9    8    8    5
 -0.005607649917030381    9    8    8    6
 -0.002046208013723019    9    8    8    7
 0.008280814907823805    9    8    8    8
 -0.0001685750088467368    9    8    9    1
 -0.0003797870826206018    9    8    9    2
 -3.220208133163324e-06    9    8    9    3
 4.206137054154892e-05    9    8    9    4
 -0.0004262015164331862    9    8    9    5
 -0.005671932466600657    9    8    9    6
 0.001353705189369782    9    8    9    7
 0.01981918060667596    9    8    9    8
 0.1897566819233085    9    9    1    1
 0.0003603929324752228    9    9    2    1
 0.1885894717131211    9    9    2    2
 -0.0001885192991654436    9    9    3    1
 -0.001515499235277672    9    9    3    2
 0.1892178000061849    9    9    3    3
 -0.0007021450938313689    9    9    4    1
 -0.002296444449773897    9    9    4    2
 -0.002249994187763939    9    9    4    3
 0.1887112088370381    9    9    4    4
 -0.0002384305154869849    9    9    5    1
 -0.006180288742768281    9    9    5    2
 0.0006175684115499961    9    9    5    3
 0.006722339675717352    9    9    5    4
 0.1809209149074895    9    9    5    5
 -0.002750968057222152    9    9    6    1
 -0.009593893762924624    9    9    6    2
 0.000835107782727178    9    9    6    3
 0.009429859816668738    9    9    6    4
 0.009581561025018615    9    9    6    5
 0.6081390904517265    9    9    6    6
 -0.0002138352879695359    9    9    7    1
 0.002945417516355447    9    9    7    2
 -0.01894631647952761    9    9    7    3
 0.004602575659847784    9    9    7    4
 -0.000798860062972419    9    9    7    5
 -0.001192752778835134    9    9    7    6
 0.5783245808034662    9    9    7    7
 -0.003131574800761091    9    9    8    1
 -0.01186587422550695    9    9    8    2
 0.003802610249839106    9    9    8    3
 -0.0004041498449415874    9    9    8    4
 -0.007019217850918188    9    9    8    5
 -0.007457056304121177    9    9    8    6
 -0.006063505087658503    9    9    8    7
 0.6535806690147971    9    9    8    8
 -0.003160236336687399    9    9    9    1
 0.0006799006949073933    9    9    9    2
 -0.002119513651755799    9    9    9    3
 0.01291920757485154    9    9    9    4
 -0.007779685188330415    9    9    9    5
 -0.01977327837597117    9    9    9    6
 0.001678434773674622    9    9    9    7
 0.008322477395252619    9    9    9    8
 0.6947548697725273    9    9    9    9
 -0.005341925587622391   10    1    1    1
 -0.0002173946953380695   10    1    2    1
 -0.00437781198075671   10    1    2    2
 1.599404464379442e-05   10    1    3    1
 -0.0001544992543743199   10    1    3    2
 -0.003228161952568928   10    1    3    3
 0.0002488978653095034   10    1    4    1
 5.492583737783335e-05   10    1    4    2
 -0.0001479459794302617   10    1    4    3
 -0.004362955590445967   10    1    4    4
 -0.0001252556888117979   10    1    5    1
 8.740202019309609e-06   10    1    5    2
 1.152581806884885e-05   10    1    5    3
 -8.297585552387973e-06   10    1    5    4
 -0.00426837926913387   10    1    5    5
 -5.337649058898079e-08   10    1    6    1
 0.0002860970123445749   10    1    6    2
 -1.986220837041382e-05   10    1    6    3
 -0.0002904128920758963   10    1    6    4
 -0.000408333009699827   10    1    6    5
 -0.004251509561072563   10    1    6    6
 -1.03786369418695e-05   10    1    7    1
 -6.094312374696426e-05   10    1    7    2
 0.0009446168988932543   10    1    7    3
 -7.932032457340725e-05   10    1    7    4
 3.308393460669605e-05   10    1    7    5
 -3.7168874239446e-05   10    1    7    6
 -0.003214215056775241   10    1    7    7
 6.327251031576646e-05   10    1    8    1
 0.000432876308789839   10    1    8    2
 -0.0001167350495586674   10    1    8    3
 0.0001509659043916545   10    1    8    4
 0.0002950728154681323   10    1    8    5
 2.464770128366104e-05   10    1    8    6
 -0.0001657115806094087   10    1    8    7
 -0.004335569438461973   10    1    8    8
 5.194979556546503e-05   10    1    9    1
 -0.0001559837838788234   10    1    9    2
 2.568723148124531e-05   10    1    9    3
 -0.0004270628010052847   10    1    9    4
 0.0002818383119886324   10    1    9    5
 4.680045258296202e-06   10    1    9    6
 0.0001382000540150287   10    1    9    7
 -5.134238413184102e-05   10    1    9    8
 -0.004362965143514265   10    1    9    9
 0.0004336535900911124   10    1   10    1
 -0.003061196168346764   10    2    1    1
 1.548110527386384e-05   10    2    2    1
 -0.003139113563331612   10    2    2    2
 5.03045139989244e-05   10    2    3    1
 -0.000182174630330665   10    2    3    2
 -0.002439005529542107   10    2    3    3
 0.0002499140096168446   10    2    4    1
 0.0001571240335288203   10    2    4    2
 0.0001759988883960432   10    2    4    3
 -0.002935805189631633   10    2    4    4
 -9.111699031458982e-06   10    2    5    1
 5.680978805436544e-05   10    2    5    2
 -0.0002958694125592209   10    2    5    3
 -7.347757566237977e-05   10    2    5    4
 -0.002495150976420409   10    2    5    5
 1.692838038401313e-05   10    2    6    1
 6.804423425163876e-05   10    2    6    2
 0.0001264261771258306   10    2    6    3
 -0.0001366906260736689   10    2    6    4
 -9.186618924038403e-05   10    2    6    5
 -0.002458218265625301   10    2    6    6
 -1.151846913464153e-05   10    2    7    1
 -0.0003911564039751522   10    2    7    2
 0.000206237967656392   10    2    7    3
 0.0002974707835869407   10    2    7    4
 0.0001417360520799239   10    2    7    5
 -0.0001272497466720309   10    2    7    6
 -0.002397004240549749   10    2    7    7
 0.0002712141411077245   10    2    8    1
 0.0001879550414675533   10    2    8    2
 -0.000410173641609002   10    2    8    3
 1.79224312472082e-06   10    2    8    4
 5.626806590810333e-05   10    2    8    5
 0.0001825104600063173   10    2    8    6
 -0.0003996451222484638   10    2    8    7
 -0.002595628263886246   10    2    8    8
 -0.0001523064404254629   10    2    9    1
 9.280314900620361e-06   10    2    9    2
 -0.0003253047641823562   10    2    9    3
 -7.212495852686379e-05   10    2    9    4
 9.536519848882869e-05   10    2    9    5
 -5.412968197348244e-06   10    2    9    6
 0.0001680953389247248   10    2    9    7
 -2.189786326582031e-05   10    2    9    8
 -0.002493827016941569   10    2    9    9
 6.892001359236048e-05   10    2   10    1
 0.0004002017438599114   10    2   10    2
 0.0003388144152427861   10    3    1    1
 0.0001100158743159723   10    3    2    1
 0.0004115926791261957   10    3    2    2
 -0.0001995972400087817   10    3    3    1
 2.311336763921901e-05   10    3    3    2
 0.0002681651622096108   10    3    3    3
 8.959828367009331e-05   10    3    4    1
 -2.153015309086083e-05   10    3    4    2
 -4.363325680149484e-05   10    3    4    3
 0.0001332322064735016   10    3    4    4
 5.229515139952706e-06   10    3    5    1
 -0.0001714889768063508   10    3    5    2
 -5.828728190231809e-05   10    3    5    3
 -8.172942862848858e-05   10    3    5    4
 0.0002085187302523161   10    3    5    5
 6.938506125786761e-07   10    3    6    1
 5.373251371086485e-05   10    3    6    2
 7.707064107407432e-07   10    3    6    3
 5.213679477426336e-05   10    3    6    4
 5.177645775086409e-06   10    3    6    5
 0.0002809823224176777   10    3    6    6
 4.557124311202574e-05   10    3    7    1
 -5.699894446735623e-06   10    3    7    2
 1.998702811022942e-05   10    3    7    3
 1.97944822150712e-05   10    3    7    4
 -5.184962206589641e-05   10    3    7    5
 -0.0001581618032933131   10    3    7    6
 0.000244550457609345   10    3    7    7
 -1.263030632629194e-05   10    3    8    1
 -6.477225527266123e-05   10    3    8    2
 1.035542146067065e-06   10    3    8    3
 -6.91930064681889e-06   10    3    8    4
 -0.0001026639796917349   10    3    8    5
 -0.0004936085724362582   10    3    8    6
 7.127233555824318e-05   10    3    8    7
 0.0006330645712967299   10    3    8    8
 3.767644664467543e-06   10    3    9    1
 -2.090493942506425e-05   10    3    9    2
 -1.782806474920395e-05   10    3    9    3
 -6.682634435614111e-05   10    3    9    4
 8.471388403903993e-05   10    3    9    5
 0.0004854105793920944   10    3    9    6
 9.573060412014355e-05   10    3    9    7
 1.537519640849401e-05   10    3    9    8
 -0.0001437250800680333   10    3    9    9
 6.032000590977002e-06   10    3   10    1
 -4.372361854132711e-05   10    3   10    2
 0.0003662603309893549   10    3   10    3
 0.0031990084290965   10    4    1    1
 0.0002687198045443015   10    4    2    1
 0.003042032118740735   10    4    2    2
 6.523899306329668e-06   10    4    3    1
 -0.0001250674431872283   10    4    3    2
 0.002626507802767239   10    4    3    3
 -5.642249143840239e-06   10    4    4    1
 -0.0001565949856763465   10    4    4    2
 0.0001723880244888805   10    4    4    3
 0.003177171699509539   10    4    4    4
 3.625157153084585e-05   10    4    5    1
 -0.0001159698387095925   10    4    5    2
 -0.0002261917440727759   10    4    5    3
 0.0001007445470280731   10    4    5    4
 0.002558439646043045   10    4    5    5
 -2.338932361538186e-05   10    4    6    1
 -0.0001093124406435559   10    4    6    2
 0.0001418249846908029   10    4    6    3
 3.449073054913643e-05   10    4    6    4
 8.540375964896341e-05   10    4    6    5
 0.002499987012867282   10    4    6    6
 -1.036815153423878e-05   10    4    7    1
 -0.0003142519469363389   10    4    7    2
 -0.0001809276151310192   10    4    7    3
 0.0004288020692055231   10    4    7    4
 0.0001194727366270796   10    4    7    5
 -0.0001349927634396005   10    4    7    6
 0.002408936695367948   10    4    7    7
 0.0001610587581161554   10    4    8    1
 -7.497157149272334e-05   10    4    8    2
 -0.0003007406862203689   10    4    8    3
 -6.123235757738651e-06   10    4    8    4
 -0.0001236521721143916   10    4    8    5
 7.784532473099684e-06   10    4    8    6
 0.0001719109923462683   10    4    8    7
 0.0024503570574258   10    4    8    8
 -0.0002533447447150858   10    4    9    1
 1.088954146173796e-05   10    4    9    2
 -0.0004106541048944173   10    4    9    3
 0.0001974972755706072   10    4    9    4
 -8.376747832149664e-05   10    4    9    5
 -0.0001711356459216514   10    4    9    6
 -0.0004303345582465794   10    4    9    7
 2.626725694184936e-05   10    4    9    8
 0.002674165635495239   10    4    9    9
 -4.075378207597574e-05   10    4   10    1
 5.536864124893021e-05   10    4   10    2
 -3.118454764454267e-05   10    4   10    3
 0.0004108886051333893   10    4   10    4
 -0.003110250672055056   10    5    1    1
 -5.299498259217909e-05   10    5    2    1
 -0.002651437747002976   10    5    2    2
 2.090988758921992e-05   10    5    3    1
 -5.638295325277752e-05   10    5    3    2
 -0.002267288492886717   10    5    3    3
 8.316925164856362e-05   10    5    4    1
 -4.001088540536931e-05   10    5    4    2
 1.374403803109276e-05   10    5    4    3
 -0.002610334014844347   10    5    4    4
 -0.0001287963601616606   10    5    5    1
 7.834736956368764e-05   10    5    5    2
 -3.156708104950491e-05   10    5    5    3
 -7.402472524321133e-05   10    5    5    4
 -0.002543232612789623   10    5    5    5
 1.025955124097869e-05   10    5    6    1
 3.692145771329139e-05   10    5    6    2
 2.541093172146316e-06   10    5    6    3
 -4.1518877504815e-05   10    5    6    4
 -5.74692547730723e-05   10    5    6    5
 -0.00187753224501096   10    5    6    6
 7.987701163360522e-07   10    5    7    1
 -1.29995542857198e-05   10    5    7    2
 5.628490043310195e-05   10    5    7    3
 3.402096895836302e-06   10    5    7    4
 1.980933907374843e-05   10    5    7    5
 2.778897939856678e-06   10    5    7    6
 -0.001923533983070034   10    5    7    7
 2.988421363210725e-05   10    5    8    1
 7.404937770502593e-05   10    5    8    2
 -7.935121732041221e-05   10    5    8    3
 -2.36389920334085e-05   10    5    8    4
 7.117844629772271e-05   10    5    8    5
 8.725279277397444e-05   10    5    8    6
 -4.454400841056402e-05   10    5    8    7
 -0.001992803137271262   10    5    8    8
 1.029671094101017e-05   10    5    9    1
 2.269710696551993e-05   10    5    9    2
 3.115434052066504e-05   10    5    9    3
 -7.449065629517329e-05   10    5    9    4
 8.211310124015427e-05   10    5    9    5
 0.0001153931278588758   10    5    9    6
 4.717939383933972e-05   10    5    9    7
 -5.22612968703936e-05   10    5    9    8
 -0.002036164049363311   10    5    9    9
 -1.337391243540455e-06   10    5   10    1
 -2.199233296413806e-05   10    5   10    2
 -1.062391935065071e-05   10    5   10    3
 3.782995067962604e-05   10    5   10    4
 0.0001850754007482724   10    5   10    5
 -0.0002021556233417591   10    6    1    1
 4.940969483944214e-05   10    6    2    1
 -0.000187953282159799   10    6    2    2
 9.62435340007553e-07   10    6    3    1
 5.705043127490726e-05   10    6    3    2
 -0.00024448572708519   10    6    3    3
 -7.105404731886018e-05   10    6    4    1
 2.575817161764528e-06   10    6    4    2
 4.40434079064972e-05   10    6    4    3
 -0.000191719340219734   10    6    4    4
 -3.920623412225005e-05   10    6    5    1
 2.792362475678704e-05   10    6    5    2
 1.122212924168701e-05   10    6    5    3
 -2.788365536346834e-05   10    6    5    4
 -0.0001826952205918365   10    6    5    5
 -0.0001304547751891553   10    6    6    1
 -0.0001137672617553971   10    6    6    2
 9.270713424003109e-06   10    6    6    3
 0.000138210971800238   10    6    6    4
 -4.872390751639975e-05   10    6    6    5
 -0.0004308707165322097   10    6    6    6
 -1.365345270496899e-05   10    6    7    1
 -7.170482133431817e-05   10    6    7    2
 1.535559281351892e-05   10    6    7    3
 -9.479318497834879e-05   10    6    7    4
 -1.081678259499496e-05   10    6    7    5
 0.000131636561143829   10    6    7    6
 -0.001066524258512769   10    6    7    7
 -2.571709685625516e-05   10    6    8    1
 -1.751362698166275e-05   10    6    8    2
 -7.752596343946071e-05   10    6    8    3
 2.06020273666035e-06   10    6    8    4
 1.78321394431417e-05   10    6    8    5
 0.001257843760041918   10    6    8    6
 0.001369682951619158   10    6    8    7
 8.522827481118666e-05   10    6    8    8
 -2.312408926586777e-05   10    6    9    1
 -1.084981808115337e-05   10    6    9    2
 0.0001125335717049729   10    6    9    3
 3.429924905253094e-05   10    6    9    4
 3.842584276381104e-05   10    6    9    5
 0.001611129529830594   10    6    9    6
 -0.001165791302982778   10    6    9    7
 -0.001117808582890851   10    6    9    8
 -5.835983697569721e-05   10    6    9    9
 -0.0001302703058179917   10    6   10    1
 -0.0003595999222255225   10    6   10    2
 2.514032866527315e-05   10    6   10    3
 0.0003576143728683349   10    6   10    4
 0.0002365125983846941   10    6   10    5
 0.01435546443155582   10    6   10    6
 0.0001942374577653026   10    7    1    1
 -1.796062607882016e-05   10    7    2    1
 5.663590019137308e-05   10    7    2    2
 0.0002296059257985114   10    7    3    1
 -5.426481289328317e-05   10    7    3    2
 0.0002141287644330422   10    7    3    3
 -1.712770702244094e-05   10    7    4    1
 1.52406467795719e-06   10    7    4    2
 6.090456379897846e-05   10    7    4    3
 0.0003547648473955203   10    7    4    4
 6.221400788728535e-06   10    7    5    1
 6.11394454300753e-05   10    7    5    2
 -6.403200203186019e-05   10    7    5    3
 6.835451248220674e-05   10    7    5    4
 0.0002040520205204427   10    7    5    5
 -2.798005127122524e-05   10    7    6    1
 -0.0001388501777103365   10    7    6    2
 0.0001648457115839165   10    7    6    3
 -0.0001403979044085844   10    7    6    4
 -6.079911392772378e-06   10    7    6    5
 -8.317702501334683e-05   10    7    6    6
 -0.0001980152301831588   10    7    7    1
 -0.0001023808317084208   10    7    7    2
 1.017013318563439e-05   10    7    7    3
 8.837746054150174e-05   10    7    7    4
 4.017988058599249e-05   10    7    7    5
 0.0002543219073762301   10    7    7    6
 0.0002094716235758987   10    7    7    7
 1.609537953860089e-05   10    7    8    1
 -4.023810363419612e-05   10    7    8    2
 9.648126242835104e-05   10    7    8    3
 0.0002464036711756232   10    7    8    4
 0.0002410315773032206   10    7    8    5
 0.006382632830500052   10    7    8    6
 -0.001818432336548383   10    7    8    7
 -0.007299950123881882   10    7    8    8
 -4.490501970599187e-05   10    7    9    1
 0.0002506718060133988   10    7    9    2
 0.0001264267979176252   10    7    9    3
 -3.499207725194832e-05   10    7    9    4
 -0.0002332349447066401   10    7    9    5
 -0.00594071037063199   10    7    9    6
 -0.002333369388904245   10    7    9    7
 -0.0001809398900647189   10    7    9    8
 0.00825067702686883   10    7    9    9
 -8.58716661407145e-06   10    7   10    1
 0.0001727339561038486   10    7   10    2
 -0.001177144321175487   10    7   10    3
 0.0003031747539626635   10    7   10    4
 -4.403210658419424e-05   10    7   10    5
 -0.0001058758581096416   10    7   10    6
 0.02251278964763029   10    7   10    7
 0.0004411449928446324   10    8    1    1
 0.0005112386108754426   10    8    2    1
 0.0005058091036299886   10    8    2    2
 -3.042857612113683e-05   10    8    3    1
 -0.0003606118066248265   10    8    3    2
 0.0003907353958102327   10    8    3    3
 0.0005268470256732637   10    8    4    1
 -1.808886854940316e-05   10    8    4    2
 0.0003559984791410082   10    8    4    3
 0.0003714190481971148   10    8    4    4
 9.040790073935958e-05   10    8    5    1
 -1.271250306154133e-05   10    8    5    2
 -0.0005813321544538095   10    8    5    3
 -6.43373744537617e-06   10    8    5    4
 0.0003154991749521766   10    8    5    5
 -6.743947798215097e-05   10    8    6    1
 -3.636338206566693e-05   10    8    6    2
 0.0005617225988970802   10    8    6    3
 -0.0001759385010169461   10    8    6    4
 -5.417248915430978e-07   10    8    6    5
 -0.002437720567863307   10    8    6    6
 8.84888882134808e-05   10    8    7    1
 -0.0005139701557257175   10    8    7    2
 -0.0001868946915114162   10    8    7    3
 0.000396545898054382   10    8    7    4
 0.0001068274621823503   10    8    7    5
 -0.008259808448583535   10    8    7    6
 0.002274755664084633   10    8    7    7
 2.592947973459191e-05   10    8    8    1
 2.557180087184738e-05   10    8    8    2
 -0.0009010424777529575   10    8    8    3
 0.0001146323371596483   10    8    8    4
 -0.000215748855744532   10    8    8    5
 -0.0002188528960975985   10    8    8    6
 0.003112489878229456   10    8    8    7
 1.465908375971195e-05   10    8    8    8
 -0.0002518273827928552   10    8    9    1
 -0.0001072548310518795   10    8    9    2
 -7.589621886637424e-06   10    8    9    3
 1.63466619198227e-07   10    8    9    4
 3.077331622142896e-05   10    8    9    5
 0.001391720320450198   10    8    9    6
 -0.007061291405224775   10    8    9    7
 0.000898580013322891   10    8    9    8
 -0.00118555860021244   10    8    9    9
 -0.0002238445210406788   10    8   10    1
 -0.0006552604021719937   10    8   10    2
 0.0002080856232637724   10    8   10    3
 0.0003413923269957967   10    8   10    4
 -0.0003327527771129065   10    8   10    5
 0.0008890669770309894   10    8   10    6
 -0.001398967758724229   10    8   10    7
 0.02951182089460115   10    8   10    8
 0.0005009750138769204   10    9    1    1
 -0.0005518421820109909   10    9    2    1
 0.000507686481786368   10    9    2    2
 1.843106761914982e-05   10    9    3    1
 0.000304095507847304   10    9    3    2
 0.0003149676012447519   10    9    3    3
 -0.0004686034727733325   10    9    4    1
 -1.377615010608132e-05   10    9    4    2
 -0.000396637532573129   10    9    4    3
 0.0006211566920450229   10    9    4    4
 3.142202204303183e-05   10    9    5    1
 2.229477224288222e-05   10    9    5    2
 0.0005708060909124672   10    9    5    3
 -1.652625456854491e-05   10    9    5    4
 0.0004605381188713871   10    9    5    5
 -6.930983240816485e-05   10    9    6    1
 0.000122778398983802   10    9    6    2
 -0.000515981821928932   10    9    6    3
 0.0001232527250617025   10    9    6    4
 -2.199340792924183e-06   10    9    6    5
 -0.00181094219267816   10    9    6    6
 -0.0001024427091120006   10    9    7    1
 0.0004008234221693486   10    9    7    2
 -0.0002783071133737051   10    9    7    3
 -0.0005130918383855363   10    9    7    4
 -0.0001531936151315487   10    9    7    5
 0.007516528296942451   10    9    7    6
 0.005216572489823736   10    9    7    7
 -0.0002622859017631832   10    9    8    1
 9.554181172755211e-06   10    9    8    2
 -7.717541116510868e-06   10    9    8    3
 0.0001129279204492041   10    9    8    4
 -4.092867764619043e-06   10    9    8    5
 -0.0003303029514113069   10    9    8    6
 0.007182152891083868   10    9    8    7
 -0.0003039649328305237   10    9    8    8
 -1.621970575627642e-05   10    9    9    1
 -0.0001256798960739061   10    9    9    2
 0.0009389843739374257   10    9    9    3
 -1.758401851414385e-05   10    9    9    4
 -0.0001474240083799467   10    9    9    5
 -0.000247627715389815   10    9    9    6
 -0.003234252558333559   10    9    9    7
 0.0004558048029512318   10    9    9    8
 0.001799162902235539   10    9    9    9
 -0.0002576637152252941   10    9   10    1
 -0.0003563810625643928   10    9   10    2
 -0.0001605495610776133   10    9   10    3
 0.0006952189812843674   10    9   10    4
 -0.0003436557959022166   10    9   10    5
 0.0009723281684734011   10    9   10    6
 0.001667341475256867   10    9   10    7
 0.00158512592403338   10    9   10    8
 0.02945236927631943   10    9   10    9
 0.1908228694204581   10   10    1    1
 0.0004535839228789893   10   10    2    1
 0.1898845793696119   10   10    2    2
 -0.0003297613600913147   10   10    3    1
 -0.001611396959216488   10   10    3    2
 0.1910874423154482   10   10    3    3
 -0.0005586704719527884   10   10    4    1
 -0.002396271728451008   10   10    4    2
 -0.002263047119551486   10   10    4    3
 0.1897471296678371   10   10    4    4
 -0.0002569958231912754   10   10    5    1
 -0.006472381726916849   10   10    5    2
 0.0004912934718880108   10   10    5    3
 0.006952297440833798   10   10    5    4
 0.182271339120544   10   10    5    5
 -0.003226978395992866   10   10    6    1
 -0.01072070563810032   10   10    6    2
 0.000745838845398682   10   10    6    3
 0.01064929020344729   10   10    6    4
 0.01083778561021438   10   10    6    5
 0.6745939109577052   10   10    6    6
 -0.0001157678087465964   10   10    7    1
 0.002937520168129639   10   10    7    2
 -0.02003541165748304   10   10    7    3
 0.004995767319251653   10   10    7    4
 -0.0007549340956901042   10   10    7    5
 -0.0006849414592178651   10   10    7    6
 0.6145276258521969   10   10    7    7
 -0.003240467672672892   10   10    8    1
 -0.01235166177471301   10   10    8    2
 0.003422703035275694   10   10    8    3
 -0.0006339800353329178   10   10    8    4
 -0.007589155055790882   10   10    8    5
 -0.02258321664734292   10   10    8    6
 -0.002433259118913027   10   10    8    7
 0.6880628703930113   10   10    8    8
 -0.003143556698997652   10   10    9    1
 0.0005447785793832244   10   10    9    2
 -0.002138436648530662   10   10    9    3
 0.0127334288789507   10   10    9    4
 -0.007551173361888977   10   10    9    5
 -0.02360961591503921   10   10    9    6
 0.0001096298876730726   10   10    9    7
 0.005012405944480084   10   10    9    8
 0.6893945182309377   10   10    9    9
 -0.005319055224840647   10   10   10    1
 -0.003179241983340218   10   10   10    2
 0.0002490496538038817   10   10   10    3
 0.003223176371446073   10   10   10    4
 -0.002253981764045458   10   10   10    5
 -0.0005378579901510057   10   10   10    6
 0.000355055614975928   10   10   10    7
 -0.0002755785591869435   10   10   10    8
 0.001611570077172783   10   10   10    9
 0.8074455637889324   10   10   10   10
 -4.033111642792377    1    1  0  0
 -0.001748742876852414    2    1  0  0
 -3.818172055412643    2    2  0  0
 0.00466202119099736    3    1  0  0
 0.0195854902685274    3    2  0  0
 -3.503705919029663    3    3  0  0
 0.006441106742522076    4    1  0  0
 0.05468555064067011    4    2  0  0
 0.02726123126677848    4    3  0  0
 -3.811424712825623    4    4  0  0
 0.006205260166787836    5    1  0  0
 0.09568723372571263    5    2  0  0
 -0.004974441460720292    5    3  0  0
 -0.0989461265218634    5    4  0  0
 -3.630784990549909    5    5  0  0
 0.02186643619786344    6    1  0  0
 0.098284974916549    6    2  0  0
 -0.008076066274344302    6    3  0  0
 -0.09719210452554043    6    4  0  0
 -0.1111254914819766    6    5  0  0
 -3.633045806412427    6    6  0  0
 0.0001785628935986308    7    1  0  0
 -0.02765011690337775    7    2  0  0
 0.219258141398035    7    3  0  0
 -0.04358571476436671    7    4  0  0
 0.007662870474416435    7    5  0  0
 0.00552024217227215    7    6  0  0
 -3.506703572798155    7    7  0  0
 0.02417252847371345    8    1  0  0
 0.09395870851394095    8    2  0  0
 -0.04407134336329203    8    3  0  0
 0.02246347011461856    8    4  0  0
 0.09792406377866497    8    5  0  0
 0.09740099065153641    8    6  0  0
 0.02726968165365261    8    7  0  0
 -3.814624708264445    8    8  0  0
 0.02388928902404792    9    1  0  0
 -0.02202075320943275    9    2  0  0
 0.02666305295286977    9    3  0  0
 -0.09702321261344447    9    4  0  0
 0.09889860491383025    9    5  0  0
 0.1023910523709277    9    6  0  0
 -0.01970996858222764    9    7  0  0
 -0.05353441663684774    9    8  0  0
 -3.81884207228922    9    9  0  0
 0.06072588750368724   10    1  0  0
 0.02307582794031595   10    2  0  0
 -0.002013252323201177   10    3  0  0
 -0.02411056757097139   10    4  0  0
 0.02087883691962418   10    5  0  0
 0.004834452296220782   10    6  0  0
 -0.001964072176690943   10    7  0  0
 -0.0004735971502142828   10    8  0  0
 -0.007966266730217875   10    9  0  0
 -4.035586912975838   10   10  0  0
 -95.54974224310712  0  0  0  0
