 &FCI NORB=  10,NELEC=10,MS2=0,
  ORBSYM=1,1,1,1,1,1,1,1,1,1,
  ISYM=1,
 &END
 0.7347902919554982    1    1    1    1
 0.03585031199508147    2    1    1    1
 0.02972863664781399    2    1    2    1
 0.6755793252805931    2    2    1    1
 0.03584014902714004    2    2    2    1
 0.7319032613087226    2    2    2    2
 -0.005376376387438884    3    1    1    1
 -0.0009826924809772555    3    1    2    1
 -0.003795234943248244    3    1    2    2
 0.02431562326525719    3    1    3    1
 0.01788852198798663    3    2    1    1
 0.0001532859253154526    3    2    2    1
 0.01503229958724898    3    2    2    2
 0.002769589597726725    3    2    3    1
 0.01741019194449458    3    2    3    2
 0.6051992917176063    3    3    1    1
 0.0233000869477579    3    3    2    1
 0.6198761094671794    3    3    2    2
 -0.003584223199973917    3    3    3    1
 0.01316090244475996    3    3    3    2
 0.5881330025311706    3    3    3    3
 0.00835159822065379    4    1    1    1
 -0.001534466726426909    4    1    2    1
 0.01166959103077524    4    1    2    2
 -0.0012351451382906    4    1    3    1
 0.001291316858276111    4    1    3    2
 0.005400417188898173    4    1    3    3
 0.01664002137547145    4    1    4    1
 -0.009436954279226138    4    2    1    1
 -0.001918862300278871    4    2    2    1
 -0.01357438509925824    4    2    2    2
 0.005180657726028581    4    2    3    1
 -0.001215698323003645    4    2    3    2
 -0.01862592693505968    4    2    3    3
 0.002253408375683875    4    2    4    1
 0.02478737791105868    4    2    4    2
 0.02005209532541594    4    3    1    1
 -0.004410920824135553    4    3    2    1
 0.01898512978906156    4    3    2    2
 -0.0002145939585049641    4    3    3    1
 0.004408073028139485    4    3    3    2
 0.01648081651540754    4    3    3    3
 0.00435513420586855    4    3    4    1
 0.0002429742325320218    4    3    4    2
 0.02005624654741138    4    3    4    3
 0.6247680097822647    4    4    1    1
 0.02443806184861152    4    4    2    1
 0.6067163115908142    4    4    2    2
 -0.01173535955257819    4    4    3    1
 0.01002411270104356    4    4    3    2
 0.5486913857046039    4    4    3    3
 0.007304736129982812    4    4    4    1
 -0.01066611280812162    4    4    4    2
 0.01685862219052531    4    4    4    3
 0.5920483703598178    4    4    4    4
 0.0007471382536988019    5    1    1    1
 -0.00114325734464651    5    1    2    1
 0.006058272789129744    5    1    2    2
 -0.0002860888042755578    5    1    3    1
 -0.0002359455215212545    5    1    3    2
 -0.004287933180178095    5    1    3    3
 0.004842343762527543    5    1    4    1
 0.00736399006166355    5    1    4    2
 0.003457735062382465    5    1    4    3
 0.001232521435171171    5    1    4    4
 0.02368624452871289    5    1    5    1
 -0.0009461695467563851    5    2    1    1
 -0.002569306103725038    5    2    2    1
 -0.003387978610011858    5    2    2    2
 0.007288683972863258    5    2    3    1
 0.00482818371670762    5    2    3    2
 0.001033071673124174    5    2    3    3
 -0.0005936950225326654    5    2    4    1
 -0.0008295985639004518    5    2    4    2
 0.003054810876032718    5    2    4    3
 -0.007499894761603666    5    2    4    4
 -0.002965145927717897    5    2    5    1
 0.0229778181351516    5    2    5    2
 0.02215886315762584    5    3    1    1
 -0.004877771182820508    5    3    2    1
 0.01152294406111515    5    3    2    2
 0.002224982335493179    5    3    3    1
 -0.0008718194540287685    5    3    3    2
 0.01835416629558165    5    3    3    3
 -0.002840872967208194    5    3    4    1
 0.0005608684395701469    5    3    4    2
 -0.0008240836792497384    5    3    4    3
 0.02172665134337018    5    3    4    4
 -0.004051040125087372    5    3    5    1
 0.001539908408450978    5    3    5    2
 0.02290869881923904    5    3    5    3
 0.007409836217862984    5    4    1    1
 -0.004856939314330696    5    4    2    1
 0.01891132810023581    5    4    2    2
 -0.0006487647744767117    5    4    3    1
 -0.004129678087156491    5    4    3    2
 0.01736536161063234    5    4    3    3
 0.00032887894097602    5    4    4    1
 0.001931497474760805    5    4    4    2
 -0.001093753428190605    5    4    4    3
 0.01466621858701781    5    4    4    4
 0.002104343960009547    5    4    5    1
 -0.003922770881486582    5    4    5    2
 0.004397686304517904    5    4    5    3
 0.02335228512532433    5    4    5    4
 0.6746442748397269    5    5    1    1
 0.03836673017688214    5    5    2    1
 0.6746491246940821    5    5    2    2
 0.003240282539507733    5    5    3    1
 0.01127136531527948    5    5    3    2
 0.5994501544745352    5    5    3    3
 0.004402836203560279    5    5    4    1
 -0.005408041619861695    5    5    4    2
 0.008817869555875152    5    5    4    3
 0.6003534095782869    5    5    4    4
 0.0006214676629819987    5    5    5    1
 -0.003098137414172637    5    5    5    2
 0.02207549890144144    5    5    5    3
 0.01778799705285302    5    5    5    4
 0.7069589143227756    5    5    5    5
 8.213782827615669e-06    6    1    1    1
 0.0002514811690626448    6    1    2    1
 0.0007316413034457367    6    1    2    2
 -0.0004476409490602341    6    1    3    1
 -0.0001373497225630786    6    1    3    2
 0.0005855054741986257    6    1    3    3
 -6.617178287379781e-05    6    1    4    1
 -0.0001487761902150298    6    1    4    2
 -9.204507451154707e-05    6    1    4    3
 0.0001011451672188643    6    1    4    4
 0.000529097204192923    6    1    5    1
 -0.0002851535283468742    6    1    5    2
 -0.0001791877766816912    6    1    5    3
 6.757795002481398e-05    6    1    5    4
 0.000267031283290632    6    1    5    5
 0.0004282993502174494    6    1    6    1
 0.001663488936547895    6    2    1    1
 0.0002414113247275196    6    2    2    1
 0.0009031722840343568    6    2    2    2
 -0.0001786594698472251    6    2    3    1
 -2.01446931555591e-05    6    2    3    2
 0.0007941482323986454    6    2    3    3
 -9.066710394493822e-05    6    2    4    1
 -0.0003859859767261596    6    2    4    2
 1.229781303086223e-05    6    2    4    3
 0.001553936390099621    6    2    4    4
 -0.0002828348394186712    6    2    5    1
 0.0004647786692605757    6    2    5    2
 0.0001352746886074154    6    2    5    3
 -8.713540373973148e-05    6    2    5    4
 0.001177057137989868    6    2    5    5
 -0.0001962331474918356    6    2    6    1
 0.000591504930691375    6    2    6    2
 -0.007771469750727547    6    3    1    1
 -0.0004984055660561009    6    3    2    1
 -0.006957804675358812    6    3    2    2
 0.0004555896120941922    6    3    3    1
 -0.0003910769725091527    6    3    3    2
 -0.005914070500925797    6    3    3    3
 -0.000346781875887262    6    3    4    1
 6.842923218262478e-05    6    3    4    2
 -0.0008576534044212521    6    3    4    3
 -0.006660378303740215    6    3    4    4
 -0.0001168785313920751    6    3    5    1
 8.879157259644084e-06    6    3    5    2
 0.0001736062232285801    6    3    5    3
 -7.958577762550669e-05    6    3    5    4
 -0.006621844370322746    6    3    5    5
 0.0003146716847654156    6    3    6    1
 -0.0005182909410200358    6    3    6    2
 0.001166174583048449    6    3    6    3
 -0.007174622670085454    6    4    1    1
 -0.000485530334610583    6    4    2    1
 -0.007829673881510674    6    4    2    2
 2.578198086808487e-05    6    4    3    1
 -0.0004522777189137916    6    4    3    2
 -0.006870616111507665    6    4    3    3
 -0.000224624725532675    6    4    4    1
 0.0007383699277830832    6    4    4    2
 -0.0007973934022344634    6    4    4    3
 -0.006218556552844894    6    4    4    4
 -4.318055777058232e-05    6    4    5    1
 -9.45254733890705e-05    6    4    5    2
 -0.0001084779021712808    6    4    5    3
 0.0003363362744560105    6    4    5    4
 -0.006790511467319263    6    4    5    5
 -0.0003358298361043337    6    4    6    1
 0.0004237273925596695    6    4    6    2
 -0.0005047490555492512    6    4    6    3
 0.001193939651230484    6    4    6    4
 0.01321650248438928    6    5    1    1
 0.0009735020071884582    6    5    2    1
 0.0130970286693744    6    5    2    2
 -0.0002090180402164466    6    5    3    1
 0.0005410603613296099    6    5    3    2
 0.01101795596899924    6    5    3    3
 0.000291933541012905    6    5    4    1
 -0.000466312690942533    6    5    4    2
 0.000645064091062552    6    5    4    3
 0.01110471885432461    6    5    4    4
 2.573895537775182e-05    6    5    5    1
 1.097915268715943e-05    6    5    5    2
 0.0002382184109164388    6    5    5    3
 7.194545420522067e-05    6    5    5    4
 0.01324546462657599    6    5    5    5
 7.941017629059065e-08    6    5    6    1
 7.780281660499901e-05    6    5    6    2
 -0.0003872176782130682    6    5    6    3
 -0.0003485487906159412    6    5    6    4
 0.001474707974829342    6    5    6    5
 0.1948098487323265    6    6    1    1
 0.0009006835999663512    6    6    2    1
 0.1954019553487766    6    6    2    2
 0.001813813335725116    6    6    3    1
 -0.001938850357336545    6    6    3    2
 0.1878120768283543    6    6    3    3
 -0.001570355640396053    6    6    4    1
 0.001822936757388908    6    6    4    2
 -0.005354456818721041    6    6    4    3
 0.1883280497885543    6    6    4    4
 -0.000468489272977524    6    6    5    1
 -0.0007862091556068801    6    6    5    2
 0.004405368628876708    6    6    5    3
 0.004499985061784882    6    6    5    4
 0.2010207354894452    6    6    5    5
 0.0001066132344198588    6    6    6    1
 0.0008423979905989622    6    6    6    2
 -0.005636508311289886    6    6    6    3
 -0.005644887341596432    6    6    6    4
 0.01286295741104185    6    6    6    5
 0.7091259333580791    6    6    6    6
 -0.004094462038429576    7    1    1    1
 -1.938888952823121e-05    7    1    2    1
 -0.003494718236702997    7    1    2    2
 -0.0004610997443245445    7    1    3    1
 -0.0001901001585412752    7    1    3    2
 -0.003125714422145269    7    1    3    3
 0.0003872836975197372    7    1    4    1
 9.884635618892102e-05    7    1    4    2
 -0.0001860247204582041    7    1    4    3
 -0.003275973125693269    7    1    4    4
 0.0003069277359682516    7    1    5    1
 -0.0002902389994475361    7    1    5    2
 -0.0004590325006330827    7    1    5    3
 -2.269228516346763e-05    7    1    5    4
 -0.003880247944165912    7    1    5    5
 4.299712932438555e-05    7    1    6    1
 -8.97903383484865e-05    7    1    6    2
 0.0001494717661556335    7    1    6    3
 7.152389017332692e-05    7    1    6    4
 -0.0002048276309541353    7    1    6    5
 -0.004925727707442071    7    1    6    6
 0.0004415274555946652    7    1    7    1
 0.001960704784375924    7    2    1    1
 -0.0002235825169309091    7    2    2    1
 0.002484479238347286    7    2    2    2
 0.0001845909911556616    7    2    3    1
 -4.52454638169553e-05    7    2    3    2
 0.001680478584940678    7    2    3    3
 0.0002817746788361672    7    2    4    1
 0.0007628902406178501    7    2    4    2
 0.0004555817669946116    7    2    4    3
 0.001362935575037381    7    2    4    4
 0.000397960120731491    7    2    5    1
 0.0001263424295226148    7    2    5    2
 0.0001144220835570623    7    2    5    3
 0.0003618534328519594    7    2    5    4
 0.002205786178639651    7    2    5    5
 4.342473164411654e-05    7    2    6    1
 -6.800840833733294e-05    7    2    6    2
 -5.580249593684613e-05    7    2    6    3
 -0.0001939090002279808    7    2    6    4
 0.000216849317341461    7    2    6    5
 0.003327424035116483    7    2    6    6
 -7.404733793524889e-05    7    2    7    1
 0.0003799270492777451    7    2    7    2
 -0.004771803643458041    7    3    1    1
 -0.0005129466280694778    7    3    2    1
 -0.004601754861737906    7    3    2    2
 0.0001876687477741685    7    3    3    1
 -0.0001599438607436417    7    3    3    2
 -0.004725613341116145    7    3    3    3
 -0.0001098651615499394    7    3    4    1
 0.00062692507308214    7    3    4    2
 -2.282157032877024e-05    7    3    4    3
 -0.003868890211383563    7    3    4    4
 0.0003530738047186081    7    3    5    1
 -1.729346096757037e-05    7    3    5    2
 -0.0001881318078215261    7    3    5    3
 -0.0001821803239889067    7    3    5    4
 -0.0047593923667085    7    3    5    5
 5.15219662029925e-05    7    3    6    1
 -0.000172447775584076    7    3    6    2
 0.0004418107841402596    7    3    6    3
 5.531474408351557e-05    7    3    6    4
 -0.0004624810283058585    7    3    6    5
 -0.005408750911054435    7    3    6    6
 0.0001927123797605215    7    3    7    1
 -0.0002948664446557921    7    3    7    2
 0.0009178574518384963    7    3    7    3
 0.01284036339058884    7    4    1    1
 0.0008164887988419828    7    4    2    1
 0.01348321183348499    7    4    2    2
 -0.0006296944825152229    7    4    3    1
 0.000486583596252849    7    4    3    2
 0.01156579517646123    7    4    3    3
 0.0003054131562678088    7    4    4    1
 -0.0008536112749838299    7    4    4    2
 0.0008487261097483968    7    4    4    3
 0.01212280225734183    7    4    4    4
 0.0001316009880275281    7    4    5    1
 -0.0004293311946467875    7    4    5    2
 0.0005780926004424066    7    4    5    3
 0.0006773641913200538    7    4    5    4
 0.01271749863016572    7    4    5    5
 0.0001983257055301222    7    4    6    1
 -0.0001740289578705256    7    4    6    2
 -3.062621725788887e-05    7    4    6    3
 -0.001031317322874535    7    4    6    4
 0.0009428080418255271    7    4    6    5
 0.0140380444511725    7    4    6    6
 -0.0002817786401902876    7    4    7    1
 0.0006010813713155964    7    4    7    2
 -0.0007942543992271588    7    4    7    3
 0.002507325078149163    7    4    7    4
 0.002905323013217689    7    5    1    1
 0.000142439377693898    7    5    2    1
 0.004738338591281368    7    5    2    2
 0.0002085676812336444    7    5    3    1
 -1.169916675201694e-06    7    5    3    2
 0.004332004075186624    7    5    3    3
 0.0001005172684554107    7    5    4    1
 -0.0004267932554289957    7    5    4    2
 8.986825057796673e-05    7    5    4    3
 0.002479350487939157    7    5    4    4
 -3.566082702555574e-05    7    5    5    1
 4.12810798204889e-06    7    5    5    2
 -3.679251745970084e-05    7    5    5    3
 0.0007415776690456183    7    5    5    4
 0.004124875986692224    7    5    5    5
 0.0003001884806940322    7    5    6    1
 -0.0004339922597130842    7    5    6    2
 0.0005447921664568274    7    5    6    3
 -0.0007570876806858467    7    5    6    4
 0.0002556619353597042    7    5    6    5
 0.004595406953098105    7    5    6    6
 2.722865791917451e-05    7    5    7    1
 0.0002146049071890169    7    5    7    2
 6.030747760732268e-05    7    5    7    3
 0.001043833543573206    7    5    7    4
 0.001543170827768226    7    5    7    5
 -0.002352122519280287    7    6    1    1
 -1.04320735730313e-05    7    6    2    1
 -0.002670829278791333    7    6    2    2
 -3.377553785172862e-06    7    6    3    1
 3.884434956466308e-05    7    6    3    2
 -0.002435484548310737    7    6    3    3
 1.470633108525023e-06    7    6    4    1
 2.610323928776211e-05    7    6    4    2
 4.638729398172335e-05    7    6    4    3
 -0.002309592927430205    7    6    4    4
 -5.88480746882797e-05    7    6    5    1
 0.0001107260912617359    7    6    5    2
 -0.0001052058686946117    7    6    5    3
 -0.0001163323812479232    7    6    5    4
 -0.002531792186184768    7    6    5    5
 -0.0001520337497667656    7    6    6    1
 1.014740324687793e-05    7    6    6    2
 -6.26106828131104e-05    7    6    6    3
 0.0008116787028354042    7    6    6    4
 -0.000134759376139707    7    6    6    5
 -0.01356616129839652    7    6    6    6
 0.0001109064891985894    7    6    7    1
 -0.0001922786328461039    7    6    7    2
 -1.639537297923872e-06    7    6    7    3
 -0.0007068109183435996    7    6    7    4
 0.0002460410730915662    7    6    7    5
 0.01995651501753594    7    6    7    6
 0.1864355846960699    7    7    1    1
 0.0008732208516726731    7    7    2    1
 0.1854357177326494    7    7    2    2
 0.001368371799443802    7    7    3    1
 -0.001782774899257494    7    7    3    2
 0.1782794614197155    7    7    3    3
 -0.001423318263405328    7    7    4    1
 0.002145142052084344    7    7    4    2
 -0.005134331551886992    7    7    4    3
 0.1809193552228684    7    7    4    4
 -0.0004279615574055177    7    7    5    1
 -0.0007088944027213227    7    7    5    2
 0.004202467084385384    7    7    5    3
 0.004188831011829169    7    7    5    4
 0.1911611015774984    7    7    5    5
 -0.0001640295253756011    7    7    6    1
 0.001154027738730511    7    7    6    2
 -0.005129884363549958    7    7    6    3
 -0.003947024539886801    7    7    6    4
 0.01031712186810481    7    7    6    5
 0.5947720189366267    7    7    6    6
 -0.004360477343040657    7    7    7    1
 0.002850759828919058    7    7    7    2
 -0.005202059115595124    7    7    7    3
 0.01229956865353814    7    7    7    4
 0.003595646631141556    7    7    7    5
 -0.01096310521268717    7    7    7    6
 0.5669905492854377    7    7    7    7
 -0.001112280394880941    8    1    1    1
 -0.0005353046630191852    8    1    2    1
 -0.001469886300338062    8    1    2    2
 0.0008601437759792324    8    1    3    1
 0.0002072362992583015    8    1    3    2
 -0.001527575669463497    8    1    3    3
 9.935687067173308e-05    8    1    4    1
 0.0004332956628427213    8    1    4    2
 0.0002725335783736263    8    1    4    3
 -0.00119497698226077    8    1    4    4
 0.0003134933142429531    8    1    5    1
 0.0002842486347634968    8    1    5    2
 0.0001532169782040589    8    1    5    3
 1.807362692659012e-06    8    1    5    4
 -0.001156548340826299    8    1    5    5
 -0.0001299432232528217    8    1    6    1
 8.879470327169613e-05    8    1    6    2
 -0.0001537748476559906    8    1    6    3
 0.0001672691445384321    8    1    6    4
 -2.032727205479944e-05    8    1    6    5
 -0.001333826994136981    8    1    6    6
 -3.12602110920909e-05    8    1    7    1
 2.848499596610598e-05    8    1    7    2
 -0.0001248592424540913    8    1    7    3
 -0.0001258105090132256    8    1    7    4
 -0.0002161409721198862    8    1    7    5
 3.308787680264049e-05    8    1    7    6
 -0.001225129071473852    8    1    7    7
 0.0001930470434761616    8    1    8    1
 -0.005721463785714248    8    2    1    1
 -0.0004436579149563005    8    2    2    1
 -0.005898555897998786    8    2    2    2
 0.0003852783290243438    8    2    3    1
 0.0002962437186784294    8    2    3    2
 -0.004764397913157717    8    2    3    3
 -5.779085484472299e-05    8    2    4    1
 0.0001932415848363073    8    2    4    2
 -0.0001244244801513614    8    2    4    3
 -0.005203160218661016    8    2    4    4
 -0.0001212204810458691    8    2    5    1
 0.0004792101994635845    8    2    5    2
 -0.0001770393886242415    8    2    5    3
 -0.0003635552945275972    8    2    5    4
 -0.005638577152564237    8    2    5    5
 2.68607391057135e-05    8    2    6    1
 -0.0001584026419282708    8    2    6    2
 0.0003153261256673182    8    2    6    3
 -3.018606127361315e-06    8    2    6    4
 -0.0003017825402622412    8    2    6    5
 -0.006250083500774091    8    2    6    6
 0.0001159475952528156    8    2    7    1
 -0.0001713974211034167    8    2    7    2
 0.0002690914100822051    8    2    7    3
 -0.0002896302818620154    8    2    7    4
 4.873077000331748e-05    8    2    7    5
 0.0003014075118700857    8    2    7    6
 -0.005317507059011351    8    2    7    7
 -3.368067104040485e-05    8    2    8    1
 0.0004254353182107608    8    2    8    2
 0.01453757465509651    8    3    1    1
 0.0007295389106081511    8    3    2    1
 0.01357257230870381    8    3    2    2
 -0.0005718573076081149    8    3    3    1
 0.000502558356077144    8    3    3    2
 0.01249121400885263    8    3    3    3
 0.0003352942754437622    8    3    4    1
 -0.0005927268269279119    8    3    4    2
 0.001059704711741963    8    3    4    3
 0.01263892471411454    8    3    4    4
 -0.0002018273603246072    8    3    5    1
 -1.049707477768348e-05    8    3    5    2
 0.0009520690537427972    8    3    5    3
 0.0004626123411006993    8    3    5    4
 0.01348175268636927    8    3    5    5
 -0.0001925839635673934    8    3    6    1
 0.000409786799689154    8    3    6    2
 -0.0009938241593881081    8    3    6    3
 2.425883093715393e-05    8    3    6    4
 0.0008689456502416838    8    3    6    5
 0.01284524183070512    8    3    6    6
 -0.0003833938476831645    8    3    7    1
 0.0002119593422765094    8    3    7    2
 -0.0009958640181914669    8    3    7    3
 0.0007903959949780678    8    3    7    4
 -0.0003106865598644281    8    3    7    5
 -0.000325541540985507    8    3    7    6
 0.01114130450557447    8    3    7    7
 0.0001760801507259211    8    3    8    1
 -0.0005639987017272049    8    3    8    2
 0.001932433734173487    8    3    8    3
 0.003715257662474028    8    4    1    1
 2.071090510193654e-06    8    4    2    1
 0.004224128869691222    8    4    2    2
 0.0001462802022517337    8    4    3    1
 0.0001139026838891285    8    4    3    2
 0.003961368289012153    8    4    3    3
 0.0001121191105525785    8    4    4    1
 -0.0003599383167436051    8    4    4    2
 0.0005531952465329722    8    4    4    3
 0.003074262990743858    8    4    4    4
 -7.766057210043445e-06    8    4    5    1
 0.0001764435947652404    8    4    5    2
 7.76383593674097e-05    8    4    5    3
 0.0003071400042628099    8    4    5    4
 0.003606858689173998    8    4    5    5
 9.31272028427663e-05    8    4    6    1
 -0.0001145307824839088    8    4    6    2
 0.0001001742936161276    8    4    6    3
 -0.0002643789870006277    8    4    6    4
 0.0001144149982461882    8    4    6    5
 0.003890079288502892    8    4    6    6
 1.629389774270165e-05    8    4    7    1
 2.395301699559294e-05    8    4    7    2
 0.0001382734621544531    8    4    7    3
 0.0001946774092404164    8    4    7    4
 0.000290792504079797    8    4    7    5
 -0.0001065997523059941    8    4    7    6
 0.003792728344249159    8    4    7    7
 -0.0001314291406143753    8    4    8    1
 -8.232699212209086e-06    8    4    8    2
 -0.0001726037151831833    8    4    8    3
 0.0003638069575641952    8    4    8    4
 0.006647642431359206    8    5    1    1
 0.000250446368267323    8    5    2    1
 0.005776151700979896    8    5    2    2
 -0.0001483091787927001    8    5    3    1
 9.918958458573578e-05    8    5    3    2
 0.005086191209575763    8    5    3    3
 1.693121611781792e-05    8    5    4    1
 3.859543921670776e-05    8    5    4    2
 0.0001610027556538617    8    5    4    3
 0.005990138095940417    8    5    4    4
 -0.0001332263274899107    8    5    5    1
 -0.0002644551249515696    8    5    5    2
 0.0009861701418043824    8    5    5    3
 0.0005003389158251187    8    5    5    4
 0.006696457244487443    8    5    5    5
 -0.0001496854848338003    8    5    6    1
 0.0002312949531994318    8    5    6    2
 -0.0004582341370866659    8    5    6    3
 0.0001283743568831778    8    5    6    4
 0.000447131117881167    8    5    6    5
 0.008328923114601684    8    5    6    6
 -0.0001961863394882024    8    5    7    1
 7.337738125743084e-05    8    5    7    2
 -0.0004085559000453229    8    5    7    3
 0.0003590351128760182    8    5    7    4
 -0.0003697632563344371    8    5    7    5
 -0.0001313930999309415    8    5    7    6
 0.00751674001883455    8    5    7    7
 6.647080673968906e-05    8    5    8    1
 -0.0002899119166133572    8    5    8    2
 0.0008733006515226244    8    5    8    3
 -3.605274067191753e-07    8    5    8    4
 0.0008234116060449237    8    5    8    5
 -0.005637659038721362    8    6    1    1
 -3.356808856151404e-05    8    6    2    1
 -0.005564551338387231    8    6    2    2
 -5.587331614819239e-05    8    6    3    1
 7.850464362480672e-05    8    6    3    2
 -0.005267409172707961    8    6    3    3
 8.134325625845069e-05    8    6    4    1
 -2.387033454578288e-05    8    6    4    2
 0.0001249831194430249    8    6    4    3
 -0.005311228184373729    8    6    4    4
 9.093751588791091e-05    8    6    5    1
 1.837373353549676e-05    8    6    5    2
 -0.0002555884359155161    8    6    5    3
 -0.0002521381801589833    8    6    5    4
 -0.005731843967171693    8    6    5    5
 -0.0001530757158602559    8    6    6    1
 -0.0002972019675248605    8    6    6    2
 0.0009227533660270022    8    6    6    3
 0.0005438122791114902    8    6    6    4
 -0.0001584174939225685    8    6    6    5
 -0.02468204446080966    8    6    6    6
 0.0004788412349414592    8    6    7    1
 -0.0002079464574816745    8    6    7    2
 0.0003403317451469951    8    6    7    3
 -0.0007491969990980225    8    6    7    4
 -0.0001218671824917306    8    6    7    5
 0.003255824239081367    8    6    7    6
 -0.02346889442194248    8    6    7    7
 5.955657898519645e-05    8    6    8    1
 0.0004198641819010719    8    6    8    2
 -0.0008684401639781844    8    6    8    3
 -0.000309100082207058    8    6    8    4
 0.0002412466221707018    8    6    8    5
 0.02614209284996461    8    6    8    6
 -0.003597253461446768    8    7    1    1
 -9.230001403414554e-05    8    7    2    1
 -0.004697767540771329    8    7    2    2
 -0.000413011805261966    8    7    3    1
 0.0001728524619864107    8    7    3    2
 -0.004819273130793449    8    7    3    3
 0.0001213650205266971    8    7    4    1
 6.500772449009072e-05    8    7    4    2
 0.0004041910886226287    8    7    4    3
 -0.003354493607663596    8    7    4    4
 -5.280160067754637e-05    8    7    5    1
 -2.550167126555649e-05    8    7    5    2
 -1.662402235445774e-05    8    7    5    3
 -0.000104300544579294    8    7    5    4
 -0.00445002334170069    8    7    5    5
 -0.0002155140150652786    8    7    6    1
 0.0003521999930382328    8    7    6    2
 -0.000521013411596152    8    7    6    3
 0.0003511874375484326    8    7    6    4
 0.0004766856909657168    8    7    6    5
 0.005885356792016769    8    7    6    6
 -3.256664580981454e-05    8    7    7    1
 -3.63120026770071e-05    8    7    7    2
 -0.0002610901570677521    8    7    7    3
 0.0006276295160562189    8    7    7    4
 0.0001760883906736628    8    7    7    5
 0.001510488007513776    8    7    7    6
 0.01201874555135021    8    7    7    7
 -7.6440730841131e-05    8    7    8    1
 6.836528548326837e-06    8    7    8    2
 0.0006191994911418534    8    7    8    3
 0.0007408083727916924    8    7    8    4
 0.0009227426781521538    8    7    8    5
 0.0008223333095862324    8    7    8    6
 0.0200650295118709    8    7    8    7
 0.1789830646338018    8    8    1    1
 0.0006258388244617894    8    8    2    1
 0.1808727308181082    8    8    2    2
 0.001656241373315147    8    8    3    1
 -0.001649551116525689    8    8    3    2
 0.1746314402918241    8    8    3    3
 -0.001259513406589351    8    8    4    1
 0.0009939605435566482    8    8    4    2
 -0.004676183055322685    8    8    4    3
 0.1730696903951162    8    8    4    4
 -0.0004208127366304865    8    8    5    1
 -0.0006764320265761724    8    8    5    2
 0.003953379489359426    8    8    5    3
 0.004105956329773134    8    8    5    4
 0.1848356626922376    8    8    5    5
 0.0004391845727811448    8    8    6    1
 0.0003856235222699621    8    8    6    2
 -0.004146271857642391    8    8    6    3
 -0.005347149266383677    8    8    6    4
 0.01110718620349685    8    8    6    5
 0.6064312585005637    8    8    6    6
 -0.004077752345980306    8    8    7    1
 0.002805457987706639    8    8    7    2
 -0.004567980434705888    8    8    7    3
 0.01353830532488475    8    8    7    4
 0.005017853602571144    8    8    7    5
 -0.01402922345576492    8    8    7    6
 0.5480680801546572    8    8    7    7
 -0.001457097670683947    8    8    8    1
 -0.005865324711620811    8    8    8    2
 0.01287875668836893    8    8    8    3
 0.003684485803016953    8    8    8    4
 0.008435592632660307    8    8    8    5
 -0.02087151862377178    8    8    8    6
 0.01156749487491198    8    8    8    7
 0.6119898462837901    8    8    8    8
 -0.0112862852879188    9    1    1    1
 -0.0003705409396975558    9    1    2    1
 -0.01073776463863465    9    1    2    2
 -9.226264591101087e-06    9    1    3    1
 -0.0005398262387472573    9    1    3    2
 -0.009604405151657005    9    1    3    3
 -0.0001349777656174328    9    1    4    1
 0.0006610173328834059    9    1    4    2
 -0.0008782443844305332    9    1    4    3
 -0.008909333051829746    9    1    4    4
 0.0001342164379529967    9    1    5    1
 -0.000186975789590313    9    1    5    2
 -0.0005431300271513635    9    1    5    3
 -0.0002067756085424346    9    1    5    4
 -0.01029380609129532    9    1    5    5
 -0.0001986153826644764    9    1    6    1
 0.000161312014964413    9    1    6    2
 3.206017818057364e-06    9    1    6    3
 0.0007568311194588222    9    1    6    4
 -0.0007948092689904982    9    1    6    5
 -0.01019586500811338    9    1    6    6
 0.0002422356229207261    9    1    7    1
 -0.0003504809677639842    9    1    7    2
 0.0004758157373011722    9    1    7    3
 -0.001434387198396516    9    1    7    4
 -0.0007502751183881267    9    1    7    5
 0.0001779729189563551    9    1    7    6
 -0.008250230662214834    9    1    7    7
 0.000121750652773643    9    1    8    1
 0.0001914816639454764    9    1    8    2
 -0.0005934152311386699    9    1    8    3
 -0.0001787087963452818    9    1    8    4
 -0.000245051451956584    9    1    8    5
 0.000570445323289769    9    1    8    6
 -0.0004605566425952238    9    1    8    7
 -0.009996523979755196    9    1    8    8
 0.001410945151200411    9    1    9    1
 0.006008454527488615    9    2    1    1
 -0.0003007467621309794    9    2    2    1
 0.006790021165239509    9    2    2    2
 3.977194282544266e-05    9    2    3    1
 0.0002566341360046703    9    2    3    2
 0.005427834468608918    9    2    3    3
 0.0003315414451323004    9    2    4    1
 0.0002501355180377796    9    2    4    2
 0.0005392678426564691    9    2    4    3
 0.005160330370639866    9    2    4    4
 0.0002717677351699767    9    2    5    1
 3.059389504881548e-05    9    2    5    2
 0.0003097888454213981    9    2    5    3
 0.0004181506708017345    9    2    5    4
 0.005979764180336667    9    2    5    5
 4.379857179559951e-05    9    2    6    1
 -3.122926894369901e-06    9    2    6    2
 -0.0001912549191676526    9    2    6    3
 -0.0001831366412267939    9    2    6    4
 0.0002877046112316962    9    2    6    5
 0.005925753872982289    9    2    6    6
 -0.0001161772686603633    9    2    7    1
 0.0002068497383374052    9    2    7    2
 -0.0002407483506101197    9    2    7    3
 0.0004877721854216036    9    2    7    4
 0.0001613033937196112    9    2    7    5
 -0.0001351138313849003    9    2    7    6
 0.004991102473201312    9    2    7    7
 8.228864712707635e-06    9    2    8    1
 -0.0002240378143132385    9    2    8    2
 0.0004282530267347923    9    2    8    3
 9.831544725618209e-05    9    2    8    4
 0.0002152877275857209    9    2    8    5
 -0.0005013749965964435    9    2    8    6
 0.0004696173412808707    9    2    8    7
 0.005459079982898024    9    2    8    8
 -0.000408256640675306    9    2    9    1
 0.0003423982682768385    9    2    9    2
 -0.0004387853891224967    9    3    1    1
 -0.0001074760099472242    9    3    2    1
 -0.0001677752581043553    9    3    2    2
 -0.000327322225475389    9    3    3    1
 0.0001280943357229749    9    3    3    2
 -0.0004620842863950929    9    3    3    3
 -1.638407996599305e-05    9    3    4    1
 7.743733833477512e-05    9    3    4    2
 0.0001194814081612169    9    3    4    3
 -0.000366210939942562    9    3    4    4
 0.0002009484316013989    9    3    5    1
 -6.070444224404178e-05    9    3    5    2
 -0.0001019002264352227    9    3    5    3
 -1.474954453312946e-06    9    3    5    4
 -0.0006362311577401277    9    3    5    5
 4.470385426898854e-05    9    3    6    1
 -0.0001001304582724452    9    3    6    2
 0.0001934016560091266    9    3    6    3
 -0.0001108643232364191    9    3    6    4
 -0.000108097486071014    9    3    6    5
 -0.0004742208194025003    9    3    6    6
 9.557798646640654e-05    9    3    7    1
 -6.805659292879073e-05    9    3    7    2
 0.0003275800830158946    9    3    7    3
 -9.834501241299786e-05    9    3    7    4
 0.0001233754156473427    9    3    7    5
 -4.082081040114097e-05    9    3    7    6
 3.754081180709196e-05    9    3    7    7
 -0.0001132113012675978    9    3    8    1
 0.000108179042524641    9    3    8    2
 -0.0003840806774444312    9    3    8    3
 0.0001141120474460954    9    3    8    4
 -0.0001572650640752843    9    3    8    5
 0.0002660241094475106    9    3    8    6
 -0.0004639097954961345    9    3    8    7
 -6.611030553851506e-05    9    3    8    8
 8.001822575956238e-05    9    3    9    1
 -0.0001144929665059069    9    3    9    2
 0.0002976236171710634    9    3    9    3
 0.007191177014886798    9    4    1    1
 0.00049706311503685    9    4    2    1
 0.006948946306069056    9    4    2    2
 -0.0002256458385887605    9    4    3    1
 0.0001647820163433508    9    4    3    2
 0.006119720484285138    9    4    3    3
 -0.0001523276708087413    9    4    4    1
 -9.8976542591664e-05    9    4    4    2
 0.0001657734370534754    9    4    4    3
 0.006552962526951345    9    4    4    4
 -6.452463546795269e-05    9    4    5    1
 -0.0001941110894129617    9    4    5    2
 0.0005042943304338605    9    4    5    3
 0.000313113014732485    9    4    5    4
 0.007084583288736985    9    4    5    5
 0.0001225806355492561    9    4    6    1
 -4.549045152398617e-05    9    4    6    2
 -0.0001147016107556082    9    4    6    3
 -0.0002916492436600132    9    4    6    4
 0.000349552406175069    9    4    6    5
 0.005950416774141916    9    4    6    6
 -0.0001755386391449189    9    4    7    1
 0.0001758844349831462    9    4    7    2
 -0.0002698948795668185    9    4    7    3
 0.0006751622946387403    9    4    7    4
 0.0002898316278458799    9    4    7    5
 -1.70870277588193e-05    9    4    7    6
 0.00483151001553642    9    4    7    7
 -3.588908626157452e-05    9    4    8    1
 -0.0001389993111742463    9    4    8    2
 0.000394563444138987    9    4    8    3
 9.29963737444571e-05    9    4    8    4
 0.0001564331124985959    9    4    8    5
 -0.0005246027713646383    9    4    8    6
 9.173138096917405e-05    9    4    8    7
 0.005397295921840109    9    4    8    8
 -0.000517900866457436    9    4    9    1
 0.0002826458124489823    9    4    9    2
 -0.0001186283045963284    9    4    9    3
 0.0005302165821390986    9    4    9    4
 0.0002209742248732035    9    5    1    1
 -7.80665881728937e-05    9    5    2    1
 0.001015524191406108    9    5    2    2
 0.0002406887356884164    9    5    3    1
 3.490113147092313e-05    9    5    3    2
 0.001253227298189233    9    5    3    3
 -5.584955911025978e-05    9    5    4    1
 -0.0003203501870221565    9    5    4    2
 2.410782148746448e-05    9    5    4    3
 0.0001989427293902027    9    5    4    4
 -0.0004114907788195304    9    5    5    1
 0.0003092551613878299    9    5    5    2
 0.0001009744629602537    9    5    5    3
 0.0002812317744206737    9    5    5    4
 0.0007837458992142619    9    5    5    5
 0.0001371481829204089    9    5    6    1
 -0.0001902063485306554    9    5    6    2
 0.0003357602431773427    9    5    6    3
 -0.0003650786172629571    9    5    6    4
 3.074478139815793e-05    9    5    6    5
 0.000884925399141247    9    5    6    6
 -5.485271282386041e-05    9    5    7    1
 6.907116794559981e-05    9    5    7    2
 6.858578811887236e-05    9    5    7    3
 0.000402806637733151    9    5    7    4
 0.0006356277739868063    9    5    7    5
 -0.0001294255861479045    9    5    7    6
 0.0005800358232505396    9    5    7    7
 -0.0001158171558735347    9    5    8    1
 8.068048817546523e-05    9    5    8    2
 -0.0002173374159627091    9    5    8    3
 0.0001029428029154072    9    5    8    4
 -0.0002346788642336076    9    5    8    5
 4.370318057623565e-05    9    5    8    6
 -0.0002483461652142561    9    5    8    7
 0.001179027937103995    9    5    8    8
 -0.0003488425849243468    9    5    9    1
 8.66303293322666e-06    9    5    9    2
 0.0001323662036203173    9    5    9    3
 0.0001173575158048278    9    5    9    4
 0.0005955691159256064    9    5    9    5
 -0.0008188454068253131    9    6    1    1
 8.130650918173013e-06    9    6    2    1
 -0.0008545227226814722    9    6    2    2
 -9.298559824001841e-05    9    6    3    1
 -2.746143286708434e-05    9    6    3    2
 -0.0008182079515722198    9    6    3    3
 7.543735784691386e-05    9    6    4    1
 2.685850118767919e-05    9    6    4    2
 2.379929500112634e-06    9    6    4    3
 -0.0007341232097897765    9    6    4    4
 -1.603575828092216e-05    9    6    5    1
 -0.0001037044067027962    9    6    5    2
 -0.0001076082401138123    9    6    5    3
 1.937802895822095e-05    9    6    5    4
 -0.0008784866799034658    9    6    5    5
 -0.0004314881355018751    9    6    6    1
 0.0003128196674861891    9    6    6    2
 4.22096373676222e-05    9    6    6    3
 0.0002523873054695037    9    6    6    4
 4.012037057803539e-05    9    6    6    5
 -0.001964706975714785    9    6    6    6
 0.000131213247574912    9    6    7    1
 -3.266298375420725e-06    9    6    7    2
 7.370738939612586e-05    9    6    7    3
 -4.566174418326347e-05    9    6    7    4
 -1.497853778065884e-05    9    6    7    5
 -0.002591459200883914    9    6    7    6
 -0.0006130717479298619    9    6    7    7
 -8.018791965790651e-05    9    6    8    1
 0.0001818394161778954    9    6    8    2
 -0.0002926759581529833    9    6    8    3
 0.0002976799035046652    9    6    8    4
 0.0001357369447051898    9    6    8    5
 0.003061793839982902    9    6    8    6
 0.005367068982830818    9    6    8    7
 -0.003762222445056464    9    6    8    8
 0.0001645806767687848    9    6    9    1
 4.590156227499495e-05    9    6    9    2
 -0.0002554386025317229    9    6    9    3
 -0.0004304384219447321    9    6    9    4
 0.0004378349597788505    9    6    9    5
 0.02309582945034384    9    6    9    6
 0.002090198264540954    9    7    1    1
 6.049517369204495e-05    9    7    2    1
 0.002224607042881611    9    7    2    2
 0.000269980975363229    9    7    3    1
 -0.0001038018070615931    9    7    3    2
 0.002241471181002777    9    7    3    3
 -0.0002252423715720144    9    7    4    1
 0.0001353482987045648    9    7    4    2
 -0.0002567440858400735    9    7    4    3
 0.001976341742259978    9    7    4    4
 -7.150636002241036e-05    9    7    5    1
 4.238557477272442e-05    9    7    5    2
 4.917534168301283e-05    9    7    5    3
 6.411968510254195e-05    9    7    5    4
 0.002395670842664273    9    7    5    5
 0.0001626567409356452    9    7    6    1
 -0.0001493899725696874    9    7    6    2
 0.0001518642915026081    9    7    6    3
 6.294779509420194e-05    9    7    6    4
 -0.0006862650153233337    9    7    6    5
 -0.0140095668937802    9    7    6    6
 -0.0001004528553159872    9    7    7    1
 1.856766389137096e-07    9    7    7    2
 0.0004131358303406367    9    7    7    3
 -0.0007612664794398429    9    7    7    4
 -0.0002057413644429574    9    7    7    5
 0.0003695059521155575    9    7    7    6
 -0.01644153515590425    9    7    7    7
 6.583774868610222e-05    9    7    8    1
 0.0002131019710238011    9    7    8    2
 -0.0007426793508120878    9    7    8    3
 -0.0002075353188921423    9    7    8    4
 -0.0007672239075627242    9    7    8    5
 -0.004679297961784508    9    7    8    6
 -0.004922599129204061    9    7    8    7
 -0.01688661237145383    9    7    8    8
 0.000442844908913184    9    7    9    1
 -0.00015272829990038    9    7    9    2
 -0.0002307725014944201    9    7    9    3
 0.000308699520576046    9    7    9    4
 -5.407276205885828e-05    9    7    9    5
 -0.004810585364062664    9    7    9    6
 0.01892153198921552    9    7    9    7
 -0.0002992023391656914    9    8    1    1
 -1.300839069290853e-05    9    8    2    1
 -0.001128656232432662    9    8    2    2
 -0.0003242838863164955    9    8    3    1
 0.0001272992972563636    9    8    3    2
 -0.001261224463900571    9    8    3    3
 8.053096683438691e-05    9    8    4    1
 6.78359362685561e-05    9    8    4    2
 0.0002226019356504465    9    8    4    3
 -0.0002446903875312212    9    8    4    4
 2.07624281230205e-05    9    8    5    1
 -2.230189314117682e-05    9    8    5    2
 5.956116811384153e-05    9    8    5    3
 2.361293193931005e-06    9    8    5    4
 -0.0009081657098465286    9    8    5    5
 -0.0002028357693473569    9    8    6    1
 0.0002940520083049728    9    8    6    2
 -0.0003622938223626398    9    8    6    3
 0.0001776456658508297    9    8    6    4
 0.0003168103654981212    9    8    6    5
 0.003135284934074967    9    8    6    6
 -0.0001713941323474575    9    8    7    1
 0.000152412328007533    9    8    7    2
 -0.0006679529151713731    9    8    7    3
 0.0005438851367041986    9    8    7    4
 -0.0002110309427033958    9    8    7    5
 -3.432256028676057e-05    9    8    7    6
 0.01481871435566499    9    8    7    7
 -0.0003752091687647245    9    8    8    1
 -1.823633582386226e-05    9    8    8    2
 0.0006032778534276782    9    8    8    3
 0.0002427055574133708    9    8    8    4
 0.000506891296813711    9    8    8    5
 0.0004341835367293131    9    8    8    6
 0.0005537113763405474    9    8    8    7
 0.00773715681259461    9    8    8    8
 -8.259192244167684e-05    9    8    9    1
 -0.0002969374794356679    9    8    9    2
 0.0007608673085746482    9    8    9    3
 4.835035909200122e-05    9    8    9    4
 0.0003347897688929276    9    8    9    5
 -0.0007877873491460389    9    8    9    6
 -0.003196652971782939    9    8    9    7
 0.02342008551577647    9    8    9    8
 0.1908342297173944    9    9    1    1
 0.0006165323629274226    9    9    2    1
 0.1894780535454325    9    9    2    2
 0.001399793599674239    9    9    3    1
 -0.001692269468737057    9    9    3    2
 0.1822387839404329    9    9    3    3
 -0.001536458823616833    9    9    4    1
 0.001936195831260529    9    9    4    2
 -0.005023309818057961    9    9    4    3
 0.1843877060263007    9    9    4    4
 -0.0006218558073634009    9    9    5    1
 -0.0007504305656941286    9    9    5    2
 0.004501457710390612    9    9    5    3
 0.004305709552312567    9    9    5    4
 0.1954808606533029    9    9    5    5
 -0.0001616619600324422    9    9    6    1
 0.001070030269608599    9    9    6    2
 -0.005901978511323067    9    9    6    3
 -0.004529989287625853    9    9    6    4
 0.01272849469615865    9    9    6    5
 0.6755172466560572    9    9    6    6
 -0.004881958203734882    9    9    7    1
 0.002866766049016906    9    9    7    2
 -0.005550984925568113    9    9    7    3
 0.01393623823917622    9    9    7    4
 0.004583880583707753    9    9    7    5
 -0.003270016373307958    9    9    7    6
 0.6064849953114595    9    9    7    7
 -0.001509915197040905    9    9    8    1
 -0.006239062665202611    9    9    8    2
 0.01372671928118836    9    9    8    3
 0.004180838164494034    9    9    8    4
 0.009350640358341676    9    9    8    5
 -0.02232130275553255    9    9    8    6
 0.01793440115268827    9    9    8    7
 0.619618224533014    9    9    8    8
 -0.01118089908797121    9    9    9    1
 0.006701114379261733    9    9    9    2
 -0.0007093054622969113    9    9    9    3
 0.006295157559978296    9    9    9    4
 0.0005464780113254012    9    9    9    5
 -0.002298991735824347    9    9    9    6
 -0.01992777046692146    9    9    9    7
 0.00940178836231651    9    9    9    8
 0.7321550434458689    9    9    9    9
 0.006171368002003254   10    1    1    1
 -0.0003135973999122952   10    1    2    1
 0.005392797035188828   10    1    2    2
 0.0002058787851992966   10    1    3    1
 0.0003311037601598463   10    1    3    2
 0.004758522250998814   10    1    3    3
 0.0001858300165324363   10    1    4    1
 -5.017795365941313e-05   10    1    4    2
 0.0004810505695030427   10    1    4    3
 0.004959672496390087   10    1    4    4
 3.592676647101967e-05   10    1    5    1
 0.0001573559301471882   10    1    5    2
 0.0004248988649420274   10    1    5    3
 0.0002113257330586951   10    1    5    4
 0.005370842232902699   10    1    5    5
 -8.502042392774647e-06   10    1    6    1
 5.663918467583993e-05   10    1    6    2
 -0.0001487665041423474   10    1    6    3
 -0.0001916298457845881   10    1    6    4
 0.0002632142202465117   10    1    6    5
 0.005236288415765966   10    1    6    6
 -0.0001787473113876668   10    1    7    1
 0.0001093679258284294   10    1    7    2
 -0.0001756153826656069   10    1    7    3
 0.0004372154323200068   10    1    7    4
 0.0001198404754301175   10    1    7    5
 -0.0003124646670579989   10    1    7    6
 0.004305786077109393   10    1    7    7
 3.02076143175924e-06   10    1    8    1
 -0.000135039769338078   10    1    8    2
 0.0003840820917702198   10    1    8    3
 6.747669815076699e-05   10    1    8    4
 0.0002049171208480091   10    1    8    5
 -0.0003364012782330647   10    1    8    6
 0.0002988952688427695   10    1    8    7
 0.005072003557484391   10    1    8    8
 -0.0003702121329473519   10    1    9    1
 0.0001925051175605091   10    1    9    2
 -4.91441536593624e-05   10    1    9    3
 0.0001672110779880612   10    1    9    4
 6.324167430923234e-05   10    1    9    5
 0.0001870415803953353   10    1    9    6
 -0.0003254038391553206   10    1    9    7
 -7.43431726032695e-05   10    1    9    8
 0.005198653155374772   10    1    9    9
 0.0002576573276387058   10    1   10    1
 -0.01119641464624303   10    2    1    1
 -0.0004324105261751836   10    2    2    1
 -0.01162865443183169   10    2    2    2
 0.0004512393294449125   10    2    3    1
 -0.0004154600378592423   10    2    3    2
 -0.009133238440310812   10    2    3    3
 -0.0004158962627786489   10    2    4    1
 0.0002159095638021237   10    2    4    2
 -0.000931499757275788   10    2    4    3
 -0.009871220883576984   10    2    4    4
 -0.0002608108960339318   10    2    5    1
 0.0001986767711628465   10    2    5    2
 -0.0004024623193463423   10    2    5    3
 -0.0004644237478263359   10    2    5    4
 -0.01057307788751008   10    2    5    5
 0.0001405370551972781   10    2    6    1
 -0.0003545569942748083   10    2    6    2
 0.0007348327705814894   10    2    6    3
 2.869475680106883e-05   10    2    6    4
 -0.0008078123374701863   10    2    6    5
 -0.009805366518031572   10    2    6    6
 0.0002564196070652229   10    2    7    1
 -0.0002587755060033223   10    2    7    2
 0.0007175236793420445   10    2    7    3
 -0.0007714681814237534   10    2    7    4
 0.0001937471859892696   10    2    7    5
 0.0003945839368702383   10    2    7    6
 -0.008498110799654186   10    2    7    7
 -0.0001338569769647647   10    2    8    1
 0.0004553977921811523   10    2    8    2
 -0.001250357452778583   10    2    8    3
 5.75917076807777e-05   10    2    8    4
 -0.000667723517624777   10    2    8    5
 0.000384770053742249   10    2    8    6
 -0.0008744666377978842   10    2    8    7
 -0.009022781575923471   10    2    8    8
 0.0004994512547477269   10    2    9    1
 -0.0003906266805586407   10    2    9    2
 0.0002708321768009359   10    2    9    3
 -0.0003032710372022107   10    2    9    4
 0.0001713891372005759   10    2    9    5
 -0.0002215255084910243   10    2    9    6
 0.0007235862920016674   10    2    9    7
 -0.0004528076915322691   10    2    9    8
 -0.0101820271476842   10    2    9    9
 -0.0003512803774441919   10    2   10    1
 0.001374412143385203   10    2   10    2
 0.004125236588817951   10    3    1    1
 0.0003099222821730895   10    3    2    1
 0.00444358142083616   10    3    2    2
 0.0001145862437835134   10    3    3    1
 -0.0002090217779188581   10    3    3    2
 0.00392385520789963   10    3    3    3
 1.969288269952384e-05   10    3    4    1
 -0.0001786648009597488   10    3    4    2
 -4.703035942697104e-05   10    3    4    3
 0.003736522571579031   10    3    4    4
 -5.421385840716702e-05   10    3    5    1
 -0.0001178412331046638   10    3    5    2
 0.0002577361296966433   10    3    5    3
 0.0003819625390881172   10    3    5    4
 0.004461652011186055   10    3    5    5
 -1.844921226197983e-05   10    3    6    1
 8.443700110781855e-05   10    3    6    2
 -7.10039916196016e-05   10    3    6    3
 -0.0001425326641188146   10    3    6    4
 0.0001813798925852611   10    3    6    5
 0.004120774080545554   10    3    6    6
 -9.305421521464146e-05   10    3    7    1
 0.0001041129912827133   10    3    7    2
 -0.0001094663479384596   10    3    7    3
 0.0003054947097453989   10    3    7    4
 5.228968679749323e-05   10    3    7    5
 -0.0003410515855615582   10    3    7    6
 0.003417592421992447   10    3    7    7
 7.086806252625108e-06   10    3    8    1
 -0.0001424690878921339   10    3    8    2
 0.0002410201569593675   10    3    8    3
 3.796646684204484e-05   10    3    8    4
 0.0001262190964406193   10    3    8    5
 -0.0001439250766528557   10    3    8    6
 4.92790312166688e-05   10    3    8    7
 0.003556457802021386   10    3    8    8
 -0.0001780351818467948   10    3    9    1
 9.761652294244282e-05   10    3    9    2
 -1.235579135468201e-05   10    3    9    3
 0.0001012676722140843   10    3    9    4
 4.952857805409113e-05   10    3    9    5
 0.0001978051152918725   10    3    9    6
 -0.0001811213944260841   10    3    9    7
 0.0001644341279336425   10    3    9    8
 0.003800684633321011   10    3    9    9
 0.0001614757708402014   10    3   10    1
 -0.0002416636325939247   10    3   10    2
 0.0003766987363434738   10    3   10    3
 0.0001390266668860426   10    4    1    1
 -4.129002034076386e-05   10    4    2    1
 -6.333852907275565e-05   10    4    2    2
 -6.226318094264903e-05   10    4    3    1
 -1.183525669054023e-06   10    4    3    2
 -9.598698260355226e-05   10    4    3    3
 0.0001538781323345509   10    4    4    1
 -0.0003523466565657191   10    4    4    2
 0.000129748491133964   10    4    4    3
 6.398471398515135e-05   10    4    4    4
 -6.84913027406428e-05   10    4    5    1
 0.0001135083827006939   10    4    5    2
 -2.966558456092986e-05   10    4    5    3
 -7.701567247165759e-05   10    4    5    4
 -0.000250268389791602   10    4    5    5
 -6.591306852337147e-05   10    4    6    1
 8.842084871313753e-05   10    4    6    2
 -0.0001527527568657964   10    4    6    3
 0.0001889559689475236   10    4    6    4
 -3.568157857163435e-05   10    4    6    5
 -0.0002535690364622352   10    4    6    6
 2.921869993725442e-05   10    4    7    1
 -0.0001256572230716621   10    4    7    2
 3.394170338003396e-05   10    4    7    3
 -0.00032194991036122   10    4    7    4
 -0.0002168677091559694   10    4    7    5
 0.0002481540202312546   10    4    7    6
 0.0005156277554052276   10    4    7    7
 3.379863367545456e-05   10    4    8    1
 -2.19672772962812e-05   10    4    8    2
 8.809320673771137e-05   10    4    8    3
 -5.030600716823882e-06   10    4    8    4
 5.779791051199769e-05   10    4    8    5
 0.0001081845635139391   10    4    8    6
 -0.000141517360878791   10    4    8    7
 -9.991533651305418e-05   10    4    8    8
 0.000199176179296663   10    4    9    1
 -4.98696846673897e-05   10    4    9    2
 2.081119647230753e-05   10    4    9    3
 -7.608989038653865e-05   10    4    9    4
 -0.000102961150608553   10    4    9    5
 -0.0003701460001718023   10    4    9    6
 0.0001057289550832552   10    4    9    7
 0.0004609563614868625   10    4    9    8
 0.0001894015554565961   10    4    9    9
 -6.886148984620435e-05   10    4   10    1
 -2.964001509516788e-05   10    4   10    2
 -9.830224315733766e-05   10    4   10    3
 0.0002275369221848496   10    4   10    4
 0.0005201809656925042   10    5    1    1
 -3.054159155853744e-05   10    5    2    1
 2.643710224411464e-05   10    5    2    2
 -0.000219711970216388   10    5    3    1
 -8.266061182010765e-05   10    5    3    2
 -7.692864594874651e-05   10    5    3    3
 6.426938316152356e-05   10    5    4    1
 0.0002326951434860941   10    5    4    2
 3.267821727811027e-05   10    5    4    3
 0.0006502144172043155   10    5    4    4
 0.0002785028785507577   10    5    5    1
 -0.0004479142255994211   10    5    5    2
 0.0001775443072026859   10    5    5    3
 0.0001082199597424764   10    5    5    4
 0.0002797932010003887   10    5    5    5
 -6.086524528442432e-05   10    5    6    1
 0.0001299036747871869   10    5    6    2
 -0.0002299812526335357   10    5    6    3
 0.0002339634638270163   10    5    6    4
 3.642127385839567e-05   10    5    6    5
 0.0004158122046962901   10    5    6    6
 -1.19669554744005e-06   10    5    7    1
 7.936860588234653e-06   10    5    7    2
 -0.0001074258002869324   10    5    7    3
 -0.000163437333764774   10    5    7    4
 -0.0003939324637929722   10    5    7    5
 0.0001759905419378546   10    5    7    6
 0.0007423948791645189   10    5    7    7
 6.88881597350392e-05   10    5    8    1
 -0.0001319500258181373   10    5    8    2
 0.0002113317500134685   10    5    8    3
 -4.496483102951334e-05   10    5    8    4
 0.0002103659875100027   10    5    8    5
 -1.796465714325633e-05   10    5    8    6
 8.588129674520115e-05   10    5    8    7
 0.0002641098122883744   10    5    8    8
 0.000128001142507138   10    5    9    1
 4.291978125114331e-05   10    5    9    2
 -5.852585859422839e-05   10    5    9    3
 1.560163980281122e-06   10    5    9    4
 -0.0001905375738702558   10    5    9    5
 -0.0002901121020840631   10    5    9    6
 6.022417998273497e-05   10    5    9    7
 0.000201512960122117   10    5    9    8
 0.0009136891321146367   10    5    9    9
 -1.969838739744641e-05   10    5   10    1
 -0.0001996244160439537   10    5   10    2
 -3.348738406162778e-08   10    5   10    3
 0.0001280112766391204   10    5   10    4
 0.0004184596693424524   10    5   10    5
 -0.0002869159776680191   10    6    1    1
 2.442316386124913e-05   10    6    2    1
 -0.0004841515447644231   10    6    2    2
 1.792929640777953e-05   10    6    3    1
 5.364567277316093e-05   10    6    3    2
 -0.000335372737783055   10    6    3    3
 -6.211514930871875e-05   10    6    4    1
 -2.397196678655687e-05   10    6    4    2
 -5.410214204758346e-05   10    6    4    3
 -0.000224679239319817   10    6    4    4
 -0.0001266653284715478   10    6    5    1
 -1.057206661806268e-05   10    6    5    2
 3.426704487244031e-05   10    6    5    3
 -0.0001032243177272852   10    6    5    4
 -0.0003004979735672575   10    6    5    5
 0.0002519641477623434   10    6    6    1
 -0.0003715995288949407   10    6    6    2
 5.639894082968012e-05   10    6    6    3
 0.0001429087813452324   10    6    6    4
 1.35042726236355e-05   10    6    6    5
 0.0002956197044379202   10    6    6    6
 3.56080062142039e-05   10    6    7    1
 -0.0002143742055682942   10    6    7    2
 0.0002328287394126304   10    6    7    3
 -0.0003161482314666458   10    6    7    4
 5.177378197174142e-05   10    6    7    5
 0.004640817342770384   10    6    7    6
 -0.005733522673392385   10    6    7    7
 8.180788568107717e-05   10    6    8    1
 1.144453873719975e-05   10    6    8    2
 0.0001715687595964884   10    6    8    3
 -0.0001488778592901699   10    6    8    4
 4.546035674362158e-05   10    6    8    5
 -0.0008007010557889955   10    6    8    6
 0.001049510544006644   10    6    8    7
 0.001770358738773888   10    6    8    8
 -0.0002424843718385754   10    6    9    1
 0.0002615011980528863   10    6    9    2
 -0.0003611962869950922   10    6    9    3
 0.0002508367026932155   10    6    9    4
 -0.000279301956638262   10    6    9    5
 -0.002922087688743185   10    6    9    6
 0.002652077422833892   10    6    9    7
 -0.006947773286328259   10    6    9    8
 0.006379548359545142   10    6    9    9
 1.375661518988666e-05   10    6   10    1
 0.0001436649991938833   10    6   10    2
 -0.0003787036488094747   10    6   10    3
 -0.0002215558724416433   10    6   10    4
 0.0005242002859180286   10    6   10    5
 0.02384258466486524   10    6   10    6
 -0.002252222838863266   10    7    1    1
 -4.349271056448034e-05   10    7    2    1
 -0.001958543583015733   10    7    2    2
 -8.642157890882403e-05   10    7    3    1
 0.0002041888146021308   10    7    3    2
 -0.001660387194279283   10    7    3    3
 0.000118495077770932   10    7    4    1
 -0.0004024662103152016   10    7    4    2
 0.0002658242130897693   10    7    4    3
 -0.002293385977385303   10    7    4    4
 -3.06284189969657e-05   10    7    5    1
 9.907237312019081e-05   10    7    5    2
 -4.304760643534691e-05   10    7    5    3
 -8.201116962152222e-05   10    7    5    4
 -0.002355880941289414   10    7    5    5
 0.0002075828237355764   10    7    6    1
 -0.0002252158717024444   10    7    6    2
 0.0001213076719073883   10    7    6    3
 -0.0001726046193520951   10    7    6    4
 0.0002191646765593614   10    7    6    5
 -0.003980572205484304   10    7    6    6
 0.000119369608377011   10    7    7    1
 -0.0002325121149085558   10    7    7    2
 -0.0001658560438083131   10    7    7    3
 0.0006503296993491754   10    7    7    4
 0.0004682470912000752   10    7    7    5
 0.003079498725329896   10    7    7    6
 0.003242426213939007   10    7    7    7
 -6.293461588405733e-05   10    7    8    1
 -0.0002086491035453141   10    7    8    2
 0.000554008521043407   10    7    8    3
 -9.194292895872209e-05   10    7    8    4
 0.0002167582943062687   10    7    8    5
 0.0002802062596572993   10    7    8    6
 -0.001100740122725112   10    7    8    7
 0.01181458437442   10    7    8    8
 -0.0005161758437743851   10    7    9    1
 6.667653005280281e-05   10    7    9    2
 0.0001919692776282286   10    7    9    3
 0.0003223495079727766   10    7    9    4
 0.0001171935404079112   10    7    9    5
 -0.007021626440042642   10    7    9    6
 0.0007944392526862146   10    7    9    7
 0.004693448270246313   10    7    9    8
 0.005913769984329897   10    7    9    9
 -0.0001994061630955068   10    7   10    1
 3.476777368176298e-05   10    7   10    2
 -0.000358853615858245   10    7   10    3
 0.0009679667274021757   10    7   10    4
 0.0004478839185952524   10    7   10    5
 0.001763938570944249   10    7   10    6
 0.02437648731100775   10    7   10    7
 0.0006511489670025475   10    8    1    1
 1.603764208354061e-05   10    8    2    1
 0.0009791525607680308   10    8    2    2
 9.069405575903585e-05   10    8    3    1
 -0.0001305105125403696   10    8    3    2
 0.0008627149263844812   10    8    3    3
 -3.023175822771345e-06   10    8    4    1
 2.033827062138699e-05   10    8    4    2
 -6.125227403408728e-05   10    8    4    3
 0.0006484311648140506   10    8    4    4
 4.768673140110143e-05   10    8    5    1
 -3.840169674020454e-05   10    8    5    2
 1.435825596102157e-05   10    8    5    3
 5.192642671694587e-05   10    8    5    4
 0.0008787189222800021   10    8    5    5
 1.811708716078478e-05   10    8    6    1
 -3.682506403513874e-05   10    8    6    2
 0.0001400751315110966   10    8    6    3
 -8.477612487357401e-05   10    8    6    4
 -0.0001766072167043225   10    8    6    5
 -0.004065182497414031   10    8    6    6
 1.875422636374989e-05   10    8    7    1
 -4.236842968574474e-05   10    8    7    2
 3.291467833022451e-05   10    8    7    3
 -7.40269358265833e-05   10    8    7    4
 -9.648939085522296e-05   10    8    7    5
 -0.001867153457986744   10    8    7    6
 -0.0008900426121373048   10    8    7    7
 0.0001370008231713304   10    8    8    1
 -0.0002411530274406458   10    8    8    2
 -0.0001101526169667904   10    8    8    3
 -0.0001396920499923235   10    8    8    4
 -0.000219319539985764   10    8    8    5
 -0.0002136072838033521   10    8    8    6
 -0.003471052989033591   10    8    8    7
 -0.004834031129771791   10    8    8    8
 0.0002181741070614368   10    8    9    1
 -0.0003069298822596298   10    8    9    2
 0.0003363185964839395   10    8    9    3
 -3.058770607358204e-05   10    8    9    4
 0.0001492666302776979   10    8    9    5
 -0.00177766163068859   10    8    9    6
 0.0006413791805177138   10    8    9    7
 0.004214172025259135   10    8    9    8
 -0.008854481251860155   10    8    9    9
 -0.0002361608097689469   10    8   10    1
 0.0001122246464345205   10    8   10    2
 0.000339829903305369   10    8   10    3
 0.0002814270972574559   10    8   10    4
 0.0002015532506335736   10    8   10    5
 -0.004487117381717341   10    8   10    6
 0.001195530725815326   10    8   10    7
 0.01655463473204689   10    8   10    8
 0.0005608626894239367   10    9    1    1
 -5.853335677315495e-06   10    9    2    1
 0.0006540912351054051   10    9    2    2
 5.181032974064863e-05   10    9    3    1
 -5.586449422449365e-05   10    9    3    2
 0.0008335999317935638   10    9    3    3
 -3.549634214743284e-05   10    9    4    1
 2.422112758599128e-05   10    9    4    2
 -0.0001568740807248246   10    9    4    3
 0.0007051677762789362   10    9    4    4
 1.803681957049387e-05   10    9    5    1
 1.648640836308282e-05   10    9    5    2
 1.259494592606981e-05   10    9    5    3
 3.186643598604958e-05   10    9    5    4
 0.0009216730859026311   10    9    5    5
 -3.26081303267208e-05   10    9    6    1
 -8.73771960619316e-05   10    9    6    2
 -0.0001593555177907906   10    9    6    3
 -0.0002521033517457855   10    9    6    4
 0.0009261552245894471   10    9    6    5
 0.03796299121209603   10    9    6    6
 -0.0003347856493997317   10    9    7    1
 0.0002839436937548489   10    9    7    2
 -0.0005285916562120952   10    9    7    3
 0.0008961830045500567   10    9    7    4
 0.0003517474234849224   10    9    7    5
 0.003129299458211936   10    9    7    6
 0.02570897150793566   10    9    7    7
 -6.626936046352325e-05   10    9    8    1
 -0.000420024551070216   10    9    8    2
 0.0006589195446016372   10    9    8    3
 1.762200795975563e-05   10    9    8    4
 0.0005837225576365173   10    9    8    5
 0.006183375897646239   10    9    8    6
 -0.003892816567312433   10    9    8    7
 0.02138227253772225   10    9    8    8
 -0.0004091196619983872   10    9    9    1
 -0.0002756706536366076   10    9    9    2
 0.0003475219807208505   10    9    9    3
 0.0003305174322382242   10    9    9    4
 0.0002264954203501881   10    9    9    5
 -0.002731108592857312   10    9    9    6
 -0.001155069240533839   10    9    9    7
 0.001875457403753999   10    9    9    8
 0.03535969430655066   10    9    9    9
 -0.000311483231840172   10    9   10    1
 -0.0003174241488808924   10    9   10    2
 0.000184934551734513   10    9   10    3
 0.0004829137964663656   10    9   10    4
 0.0002450923055240885   10    9   10    5
 -0.0009249036618046198   10    9   10    6
 0.0001014435677461528   10    9   10    7
 0.002130495448583195   10    9   10    8
 0.02959782984096841   10    9   10    9
 0.188077811079296   10   10    1    1
 0.0005656788536602291   10   10    2    1
 0.1905841859977029   10   10    2    2
 0.001817303929493241   10   10    3    1
 -0.001840214406711374   10   10    3    2
 0.1833148942936945   10   10    3    3
 -0.001339596516597357   10   10    4    1
 0.001152514417139323   10   10    4    2
 -0.005027323857056131   10   10    4    3
 0.1818974853782595   10   10    4    4
 -0.0004651638315836746   10   10    5    1
 -0.0007440680962129448   10   10    5    2
 0.004160808275902134   10   10    5    3
 0.004456878472709888   10   10    5    4
 0.1946235172254824   10   10    5    5
 0.0003657629059136292   10   10    6    1
 0.0002836967777337236   10   10    6    2
 -0.00447796081070709   10   10    6    3
 -0.005983588019957533   10   10    6    4
 0.0128008261469874   10   10    6    5
 0.6760302442108843   10   10    6    6
 -0.004508557453505373   10   10    7    1
 0.003153407818342135   10   10    7    2
 -0.005086627549076986   10   10    7    3
 0.01492870663269857   10   10    7    4
 0.005605778134461402   10   10    7    5
 -0.01671293367704336   10   10    7    6
 0.5943655701647554   10   10    7    7
 -0.00160192883044764   10   10    8    1
 -0.006388891120873064   10   10    8    2
 0.01314478280948358   10   10    8    3
 0.004256463794321486   10   10    8    4
 0.009059232128985198   10   10    8    5
 -0.01493195940826345   10   10    8    6
 0.00939721453639507   10   10    8    7
 0.6357433794218947   10   10    8    8
 -0.01083176964235181   10   10    9    1
 0.005985885044042545   10   10    9    2
 -0.00022091355962919   10   10    9    3
 0.005957382918427324   10   10    9    4
 0.001312358550985016   10   10    9    5
 -0.0003947706710834234   10   10    9    6
 -0.02102661341515913   10   10    9    7
 0.003998742521872031   10   10    9    8
 0.6765187292038419   10   10    9    9
 0.006017351533629605   10   10   10    1
 -0.01072176505627474   10   10   10    2
 0.004274731692627891   10   10   10    3
 -0.0003189744719093539   10   10   10    4
 0.0002248832605022636   10   10   10    5
 0.0004737701771939944   10   10   10    6
 0.005664102463629857   10   10   10    7
 -0.005177831879154491   10   10   10    8
 0.03543689361179081   10   10   10    9
 0.7359629987018733   10   10   10   10
 -3.892124410904656    1    1  0  0
 -0.1406408795966671    2    1  0  0
 -3.889508754841553    2    2  0  0
 0.008816259067222148    3    1  0  0
 -0.04833661056464657    3    2  0  0
 -3.568329352579891    3    3  0  0
 -0.02346335248011045    4    1  0  0
 0.03985792513919195    4    2  0  0
 -0.05635029359102207    4    3  0  0
 -3.57898320393163    4    4  0  0
 -0.0006261301386577515    5    1  0  0
 0.01701954189064827    5    2  0  0
 -0.1049051115204364    5    3  0  0
 -0.08864547426631586    5    4  0  0
 -3.86848170910363    5    5  0  0
 -0.00121557687578313    6    1  0  0
 -0.006201932958854523    6    2  0  0
 0.0500673109566964    6    3  0  0
 0.05125184998206005    6    4  0  0
 -0.1695173021660261    6    5  0  0
 -3.8744501653562    6    6  0  0
 0.0471512869475301    7    1  0  0
 -0.04033919044141942    7    2  0  0
 0.06769997953200182    7    3  0  0
 -0.1498319982066451    7    4  0  0
 -0.03812285368675034    7    5  0  0
 0.06341366894764194    7    6  0  0
 -3.533705774039053    7    7  0  0
 0.005571741286606842    8    1  0  0
 0.05930664894396537    8    2  0  0
 -0.1370403406171398    8    3  0  0
 -0.02622662458910283    8    4  0  0
 -0.06054027553149947    8    5  0  0
 0.1206863327840414    8    6  0  0
 -0.03762908680504415    8    7  0  0
 -3.613334949911933    8    8  0  0
 0.1136515255425003    9    1  0  0
 -0.05494835478376588    9    2  0  0
 0.01773520558879552    9    3  0  0
 -0.06924261464789648    9    4  0  0
 -0.004181287202124131    9    5  0  0
 0.01330653193601824    9    6  0  0
 0.06394719645158606    9    7  0  0
 -0.02829669381703675    9    8  0  0
 -3.8921718246488    9    9  0  0
 -0.04607532600274764   10    1  0  0
 0.1121277171690138   10    2  0  0
 -0.04348480351238272   10    3  0  0
 0.009726376949656694   10    4  0  0
 -0.003350476520198614   10    5  0  0
 -0.0003968857586548555   10    6  0  0
 -0.007158672727552026   10    7  0  0
 0.01573387740648732   10    8  0  0
 -0.1391325611631296   10    9  0  0
 -3.894912248032954   10   10  0  0
 -95.54974224310712  0  0  0  0
