 &FCI NORB=  10,NELEC=10,MS2=0,
  ORBSYM=1,1,1,1,1,1,1,1,1,1,
  ISYM=1,
 &END
 0.7488595701473785    1    1    1    1
 -0.0002310183115075782    2    1    1    1
 0.0784269146534281    2    1    2    1
 0.5203021910893174    2    2    1    1
 0.0003559811625353131    2    2    2    1
 0.5376760259654251    2    2    2    2
 -0.1488957145643999    3    1    1    1
 -2.392821908934282e-05    3    1    2    1
 -0.003489697466345842    3    1    2    2
 0.09196585724292382    3    1    3    1
 4.228751028601311e-05    3    2    1    1
 0.107279870633404    3    2    2    1
 0.000628044145417309    3    2    2    2
 -0.0002634695796068844    3    2    3    1
 0.1844000842953091    3    2    3    2
 0.5936020128700465    3    3    1    1
 -0.0004164432773075836    3    3    2    1
 0.5426904842611358    3    3    2    2
 -0.05353605022577711    3    3    3    1
 -0.0005277982228026123    3    3    3    2
 0.5840813571161254    3    3    3    3
 0.0003013581005367538    4    1    1    1
 9.048127765575853e-06    4    1    2    1
 -1.867835016417217e-05    4    1    2    2
 8.927685231471219e-05    4    1    3    1
 -2.051268171091568e-05    4    1    3    2
 1.934462145717574e-05    4    1    3    3
 0.1023951298569137    4    1    4    1
 2.510185404993501e-05    4    2    1    1
 -0.0002020213002589496    4    2    2    1
 8.597379553472582e-06    4    2    2    2
 -1.526595204934988e-05    4    2    3    1
 -0.0003262575634759294    4    2    3    2
 -1.894227574757172e-06    4    2    3    3
 3.919064033985161e-05    4    2    4    1
 0.04209772005756215    4    2    4    2
 0.0001804584603875854    4    3    1    1
 -2.140786434088219e-05    4    3    2    1
 -7.508893598962909e-05    4    3    2    2
 -9.869033027068875e-05    4    3    3    1
 -3.330519420736547e-05    4    3    3    2
 1.964202491694034e-05    4    3    3    3
 0.001661638784447707    4    3    4    1
 -1.73106955787137e-05    4    3    4    2
 0.02219600891589142    4    3    4    3
 0.6181152333985469    4    4    1    1
 -5.255756291837111e-05    4    4    2    1
 0.4949846407262715    4    4    2    2
 -0.0760950293914498    4    4    3    1
 9.05689022747061e-05    4    4    3    2
 0.522599565603614    4    4    3    3
 -0.0001278669816036424    4    4    4    1
 -3.834017853715611e-07    4    4    4    2
 8.316357830180055e-05    4    4    4    3
 0.5782360702776947    4    4    4    4
 -8.29340157096934e-05    5    1    1    1
 1.133597329428116e-06    5    1    2    1
 2.223873889635277e-05    5    1    2    2
 -3.238638062642724e-05    5    1    3    1
 -1.454607454484181e-05    5    1    3    2
 6.453161116832092e-06    5    1    3    3
 -1.846656627580155e-06    5    1    4    1
 -3.030438996821192e-06    5    1    4    2
 8.251458264949557e-07    5    1    4    3
 5.557345844568323e-06    5    1    4    4
 0.1018636730983577    5    1    5    1
 -5.425998431819719e-06    5    2    1    1
 6.710254789589174e-05    5    2    2    1
 -2.323178480523331e-06    5    2    2    2
 -7.937562719214245e-06    5    2    3    1
 0.0001091859252883317    5    2    3    2
 -1.996699926970544e-05    5    2    3    3
 -8.95576290164649e-06    5    2    4    1
 -7.823604486392582e-07    5    2    4    2
 -2.673359092832956e-06    5    2    4    3
 -2.361905192820923e-06    5    2    4    4
 9.949830187113776e-06    5    2    5    1
 0.04195628176203629    5    2    5    2
 -6.605892255207596e-05    5    3    1    1
 -2.651874695806907e-05    5    3    2    1
 2.214235858808525e-05    5    3    2    2
 3.400714924442022e-05    5    3    3    1
 -4.157585082909381e-05    5    3    3    2
 -1.284141126560264e-05    5    3    3    3
 9.239112957233052e-07    5    3    4    1
 -3.510679036649226e-06    5    3    4    2
 -3.39382030833743e-07    5    3    4    3
 -3.142154755539973e-05    5    3    4    4
 0.001880084675292501    5    3    5    1
 -3.273266039443278e-05    5    3    5    2
 0.0221177555906968    5    3    5    3
 -8.21134270733157e-06    5    4    1    1
 -1.098742367335858e-05    5    4    2    1
 -5.226176781099499e-06    5    4    2    2
 2.441028622098185e-06    5    4    3    1
 -1.399823586552024e-05    5    4    3    2
 -6.246452279022743e-06    5    4    3    3
 3.13216136052659e-05    5    4    4    1
 1.377079698921212e-06    5    4    4    2
 3.076384499209822e-07    5    4    4    3
 -6.485718673654948e-06    5    4    4    4
 -8.013193764525154e-05    5    4    5    1
 -4.476765308745686e-06    5    4    5    2
 -2.801264428759644e-07    5    4    5    3
 0.0232350747762787    5    4    5    4
 0.6158876044877671    5    5    1    1
 -0.0001058609447168939    5    5    2    1
 0.4936356756427072    5    5    2    2
 -0.07546509684090286    5    5    3    1
 2.10453309926031e-05    5    5    3    2
 0.520938684030949    5    5    3    3
 3.231795565080915e-05    5    5    4    1
 8.78342549657598e-06    5    5    4    2
 8.295608490895046e-05    5    5    4    3
 0.530065121530323    5    5    4    4
 6.796361833435286e-05    5    5    5    1
 1.991663917368544e-07    5    5    5    2
 -3.043154274122305e-05    5    5    5    3
 -6.406989568146344e-06    5    5    5    4
 0.5748529147971213    5    5    5    5
 4.034841190754613e-05    6    1    1    1
 0.0001597805934101307    6    1    2    1
 1.310179255058368e-05    6    1    2    2
 -1.390692804064164e-05    6    1    3    1
 0.0001892686361761556    6    1    3    2
 2.522107281841707e-05    6    1    3    3
 -4.47322627598542e-05    6    1    4    1
 0.0186793942534168    6    1    4    2
 -2.412457850807908e-05    6    1    4    3
 1.392025620012915e-05    6    1    4    4
 2.335639266051147e-05    6    1    5    1
 -0.0325932603874696    6    1    5    2
 5.465062856811955e-05    6    1    5    3
 8.859031530805925e-06    6    1    5    4
 1.71278603453161e-05    6    1    5    5
 0.03672930493406251    6    1    6    1
 0.0002350735504615577    6    2    1    1
 -4.957495595977058e-06    6    2    2    1
 6.430908097799422e-05    6    2    2    2
 6.694463380916036e-05    6    2    3    1
 -9.805591967397437e-06    6    2    3    2
 0.000136233023155342    6    2    3    3
 0.03351194238386946    6    2    4    1
 4.81041765333433e-05    6    2    4    2
 0.01250750701286004    6    2    4    3
 2.88687938223219e-06    6    2    4    4
 -0.05847390262021884    6    2    5    1
 -9.366550500347325e-05    6    2    5    2
 -0.02192706934128236    6    2    5    3
 0.0001100526392784065    6    2    5    4
 4.231949541438366e-05    6    2    5    5
 6.974278529882201e-06    6    2    6    1
 0.07219697728178645    6    2    6    2
 -7.495663785948936e-06    6    3    1    1
 0.0001170598927516845    6    3    2    1
 -2.639131231656979e-06    6    3    2    2
 7.70906852309842e-06    6    3    3    1
 0.000144075350580907    6    3    3    2
 -1.890091685630781e-06    6    3    3    3
 -3.756496462354218e-05    6    3    4    1
 0.01478823217317923    6    3    4    2
 -4.649240964566425e-05    6    3    4    3
 -1.16042216973532e-05    6    3    4    4
 9.670855909392576e-05    6    3    5    1
 -0.02583814510829079    6    3    5    2
 7.503643346007433e-05    6    3    5    3
 3.354358049973635e-06    6    3    5    4
 2.275060393257232e-06    6    3    5    5
 0.021799894471964    6    3    6    1
 -6.392324161032997e-05    6    3    6    2
 0.03064771613329352    6    3    6    3
 -0.0001450651276694508    6    4    1    1
 0.04787995741797765    6    4    2    1
 0.0001389055670980788    6    4    2    2
 -4.987207844803409e-05    6    4    3    1
 0.06104898341358226    6    4    3    2
 -0.0002821337598341643    6    4    3    3
 -1.480063967962213e-05    6    4    4    1
 -0.0001547374372235786    6    4    4    2
 -1.714580214850632e-05    6    4    4    3
 -5.923290167791482e-05    6    4    4    4
 1.792291734236544e-05    6    4    5    1
 0.0001189261337390215    6    4    5    2
 -1.055782562377661e-05    6    4    5    3
 -1.34598192835138e-05    6    4    5    4
 -8.720745976814883e-05    6    4    5    5
 4.36300842527683e-05    6    4    6    1
 -2.460936485074926e-05    6    4    6    2
 1.94029283114556e-05    6    4    6    3
 0.04434723860587535    6    4    6    4
 4.144191738227846e-05    6    5    1    1
 -0.08352988911694598    6    5    2    1
 -0.000366273172318184    6    5    2    2
 0.0001486802296584287    6    5    3    1
 -0.1065764501715493    6    5    3    2
 0.0003383190239993864    6    5    3    3
 2.043943991119819e-05    6    5    4    1
 0.0002610313700167026    6    5    4    2
 2.039537215558488e-05    6    5    4    3
 -4.780779223956229e-05    6    5    4    4
 -8.371397267234354e-06    6    5    5    1
 -7.615351200685837e-05    6    5    5    2
 2.758703959425561e-05    6    5    5    3
 8.703419912314311e-06    6    5    5    4
 1.065746982766381e-05    6    5    5    5
 -0.0001584055678431082    6    5    6    1
 2.257582421939997e-05    6    5    6    2
 -0.0001029574082851805    6    5    6    3
 -0.05343962106209602    6    5    6    4
 0.1069121323945641    6    5    6    5
 0.5233267234614737    6    6    1    1
 -8.176745023599729e-05    6    6    2    1
 0.4797418878266815    6    6    2    2
 -0.03094627596587225    6    6    3    1
 -3.301654525260736e-05    6    6    3    2
 0.4882339271741203    6    6    3    3
 6.036997628502681e-05    6    6    4    1
 -7.012730008374786e-06    6    6    4    2
 2.548921815141192e-05    6    6    4    3
 0.4819059376134427    6    6    4    4
 -0.0001015181593122593    6    6    5    1
 1.007743930382744e-05    6    6    5    2
 -4.587971757773436e-05    6    6    5    3
 -0.01542094290342256    6    6    5    4
 0.4987669226576794    6    6    5    5
 -4.601198337090653e-06    6    6    6    1
 0.0001458679128335909    6    6    6    2
 -1.479602292596356e-05    6    6    6    3
 -9.635601253588307e-05    6    6    6    4
 4.706818139803502e-05    6    6    6    5
 0.4792785206398651    6    6    6    6
 -2.557332237452523e-05    7    1    1    1
 -3.556486929833094e-05    7    1    2    1
 -2.54744019131626e-05    7    1    2    2
 1.974348034807937e-05    7    1    3    1
 -7.63845745701428e-05    7    1    3    2
 -2.036455547928299e-05    7    1    3    3
 5.355073241672781e-05    7    1    4    1
 -0.03265217194896079    7    1    4    2
 4.709703809510592e-05    7    1    4    3
 1.120732244065448e-05    7    1    4    4
 1.505984388629295e-06    7    1    5    1
 -0.01864546049037844    7    1    5    2
 3.489389727190035e-05    7    1    5    3
 1.743194990266075e-06    7    1    5    4
 -6.359994719319323e-06    7    1    5    5
 -8.492868217404546e-08    7    1    6    1
 2.885706552716715e-05    7    1    6    2
 -9.737470585734797e-08    7    1    6    3
 -3.583522324539842e-05    7    1    6    4
 -2.080397307106262e-05    7    1    6    5
 -5.862751456589255e-06    7    1    6    6
 0.03672897672935872    7    1    7    1
 4.074337476953533e-05    7    2    1    1
 -4.352289461727556e-05    7    2    2    1
 6.662057234907378e-05    7    2    2    2
 -0.0001253143483652873    7    2    3    1
 -4.578853701880873e-05    7    2    3    2
 2.165185017295655e-05    7    2    3    3
 -0.05857905678767563    7    2    4    1
 -9.438221709011697e-05    7    2    4    2
 -0.02186387124426359    7    2    4    3
 0.0002936061346608365    7    2    4    4
 -0.03345074818369325    7    2    5    1
 -4.820694080929856e-05    7    2    5    2
 -0.01254430223024689    7    2    5    3
 2.001512776314915e-05    7    2    5    4
 7.286652393989598e-05    7    2    5    5
 2.588658399607843e-05    7    2    6    1
 -2.753421372582932e-08    7    2    6    2
 2.503618926115909e-06    7    2    6    3
 -1.34946829316322e-05    7    2    6    4
 2.869859275326192e-05    7    2    6    5
 8.38033628877393e-05    7    2    6    6
 1.087171422198207e-06    7    2    7    1
 0.07219695466670223    7    2    7    2
 8.902351747594792e-05    7    3    1    1
 -0.0001472704283999634    7    3    2    1
 2.154174598122472e-05    7    3    2    2
 -3.3111220058214e-05    7    3    3    1
 -0.000206192000098703    7    3    3    2
 5.828022606871857e-05    7    3    3    3
 8.23558802835719e-05    7    3    4    1
 -0.02585011802914023    7    3    4    2
 7.612686325849118e-05    7    3    4    3
 7.209522142078292e-05    7    3    4    4
 5.894746983666011e-05    7    3    5    1
 -0.01478140520678809    7    3    5    2
 4.449076695407089e-05    7    3    5    3
 6.925861067457349e-06    7    3    5    4
 6.497612672826167e-05    7    3    5    5
 -2.450621329545688e-07    7    3    6    1
 6.601759974004642e-06    7    3    6    2
 -1.924719301306588e-07    7    3    6    3
 -9.52721140489249e-05    7    3    6    4
 0.000111356014024735    7    3    6    5
 4.03809861455728e-05    7    3    6    6
 0.02179964948753698    7    3    7    1
 -6.582577067689143e-05    7    3    7    2
 0.03064776851328907    7    3    7    3
 0.0001343884464197493    7    4    1    1
 -0.08369436841837244    7    4    2    1
 -0.000318388462129449    7    4    2    2
 0.0001193646823273758    7    4    3    1
 -0.1067144044572197    7    4    3    2
 0.0004012337740750714    7    4    3    3
 5.447446664053928e-05    7    4    4    1
 0.0003497173447385716    7    4    4    2
 3.125898559215912e-05    7    4    4    3
 1.298756532727237e-05    7    4    4    4
 3.874121248574871e-07    7    4    5    1
 -3.992140416009219e-05    7    4    5    2
 2.942888029867101e-05    7    4    5    3
 6.728433722820377e-06    7    4    5    4
 7.336066910664914e-05    7    4    5    5
 -0.0001289700169057137    7    4    6    1
 2.21928961358211e-05    7    4    6    2
 -9.622290257310174e-05    7    4    6    3
 -0.05354357167623427    7    4    6    4
 0.07971497612079932    7    4    6    5
 9.441255950182744e-05    7    4    6    6
 -7.637526311419048e-05    7    4    7    1
 3.02002423974639e-06    7    4    7    2
 8.029933271006852e-05    7    4    7    3
 0.1073106426251526    7    4    7    4
 6.563818565087359e-06    7    5    1    1
 -0.04778423018152766    7    5    2    1
 -0.0002123237669823681    7    5    2    2
 9.317651076894858e-05    7    5    3    1
 -0.06096871668401294    7    5    3    2
 0.0001873109315806391    7    5    3    3
 6.037522102652088e-06    7    5    4    1
 0.0001182947886371558    7    5    4    2
 1.529637166579224e-05    7    5    4    3
 -3.279278610768082e-05    7    5    4    4
 1.612751389982084e-05    7    5    5    1
 -3.083748917412887e-05    7    5    5    2
 2.135060898287349e-05    7    5    5    3
 1.221031833836719e-05    7    5    5    4
 -7.836029311994718e-06    7    5    5    5
 -9.870144516162883e-05    7    5    6    1
 -1.152836796876646e-06    7    5    6    2
 -5.037073783827381e-05    7    5    6    3
 -0.01687298537952984    7    5    6    4
 0.05333455180799508    7    5    6    5
 4.643755112764574e-06    7    5    6    6
 6.020258264332676e-06    7    5    7    1
 1.375532926940262e-05    7    5    7    2
 8.808710600369054e-05    7    5    7    3
 0.05343755233693454    7    5    7    4
 0.04419053567409027    7    5    7    5
 -3.614851670926284e-07    7    6    1    1
 5.228973776614975e-05    7    6    2    1
 -2.930613485019606e-08    7    6    2    2
 -5.838421652488023e-08    7    6    3    1
 5.642899003871397e-05    7    6    3    2
 -4.60525974613245e-07    7    6    3    3
 -3.6214265297761e-05    7    6    4    1
 3.403681576781544e-06    7    6    4    2
 -2.902959585570756e-05    7    6    4    3
 -0.01542968229102088    7    6    4    4
 -6.413615434556852e-05    7    6    5    1
 4.92836342592474e-06    7    6    5    2
 3.695049703168193e-06    7    6    5    3
 0.00906450852642624    7    6    5    4
 0.01540333816918604    7    6    5    5
 5.726091145100947e-07    7    6    6    1
 3.252697736294021e-05    7    6    6    2
 1.628365559223053e-07    7    6    6    3
 3.739633807536739e-05    7    6    6    4
 -5.484486195372234e-05    7    6    6    5
 -2.465836970464714e-07    7    6    6    6
 -6.410762909457208e-06    7    6    7    1
 3.204191845689169e-05    7    6    7    2
 -3.778351142780754e-06    7    6    7    3
 -6.353571159754862e-05    7    6    7    4
 -2.846425824602165e-05    7    6    7    5
 0.01825055239759569    7    6    7    6
 0.5233263777650742    7    7    1    1
 -9.274281674855345e-05    7    7    2    1
 0.4797418016375493    7    7    2    2
 -0.03094648576520754    7    7    3    1
 -4.578187467178257e-05    7    7    3    2
 0.4882339030807908    7    7    3    3
 -6.831211921350364e-05    7    7    4    1
 2.79559784123496e-06    7    7    4    2
 3.299747636787719e-05    7    7    4    3
 0.5000503664780386    7    7    4    4
 -2.922123299385649e-05    7    7    5    1
 2.985541897368639e-06    7    7    5    2
 1.213101996282245e-05    7    7    5    3
 0.01541144630482558    7    7    5    4
 0.4806525692381023    7    7    5    5
 8.320015073672663e-06    7    7    6    1
 8.176796608666538e-05    7    7    6    2
 -7.396230475327651e-06    7    7    6    3
 -0.0001060060196793622    7    7    6    4
 4.437152828518912e-05    7    7    6    5
 0.4427775296106543    7    7    6    6
 -5.071290557586749e-06    7    7    7    1
 0.0001488705725905021    7    7    7    2
 4.05267755598215e-05    7    7    7    3
 0.0001091996051088661    7    7    7    4
 3.089733459810758e-05    7    7    7    5
 -2.590296361108115e-07    7    7    7    6
 0.4792784478971971    7    7    7    7
 -0.000162668563208216    8    1    1    1
 0.03510097721918426    8    1    2    1
 6.825451184205901e-05    8    1    2    2
 2.636797957516195e-05    8    1    3    1
 0.03040365274626282    8    1    3    2
 -0.0002034850932638019    8    1    3    3
 -8.363854974164711e-06    8    1    4    1
 -4.238905340285641e-05    8    1    4    2
 -5.300210644086621e-06    8    1    4    3
 -2.932827483169231e-05    8    1    4    4
 3.689291197093096e-06    8    1    5    1
 9.197039533690853e-05    8    1    5    2
 -1.474557894814038e-05    8    1    5    3
 -5.402576907801092e-06    8    1    5    4
 -5.491624425435642e-05    8    1    5    5
 4.444142411889651e-05    8    1    6    1
 -3.730381412771497e-07    8    1    6    2
 3.076664697762634e-05    8    1    6    3
 0.02346730522947519    8    1    6    4
 -0.04086908329607635    8    1    6    5
 -6.375509997717915e-05    8    1    6    6
 -5.439561045964666e-05    8    1    7    1
 -4.457866619212249e-06    8    1    7    2
 -8.772174855833363e-05    8    1    7    3
 -0.04102016610408783    8    1    7    4
 -0.02337923993040842    8    1    7    5
 3.573510758644128e-05    8    1    7    6
 -7.030906027786117e-05    8    1    7    7
 0.02714101114421104    8    1    8    1
 0.09274327752617431    8    2    1    1
 -3.766120673200032e-05    8    2    2    1
 0.05245623713207619    8    2    2    2
 -0.02234707154914221    8    2    3    1
 -4.345815522586898e-05    8    2    3    2
 0.05626290356406437    8    2    3    3
 5.729040022753726e-05    8    2    4    1
 1.073294141129548e-05    8    2    4    2
 6.879313988188727e-05    8    2    4    3
 0.07849900206743007    8    2    4    4
 0.0001260274905678572    8    2    5    1
 -2.97998489744982e-06    8    2    5    2
 3.076383095182026e-05    8    2    5    3
 -1.950461386262003e-06    8    2    5    4
 0.07802536791434074    8    2    5    5
 1.066550767423567e-05    8    2    6    1
 -5.417836133878608e-05    8    2    6    2
 6.505203916204828e-06    8    2    6    3
 -2.614031741736998e-05    8    2    6    4
 8.71845359864819e-07    8    2    6    5
 0.05850078279379348    8    2    6    6
 -2.407395848246014e-07    8    2    7    1
 -5.550613549457829e-05    8    2    7    2
 2.67048715782583e-05    8    2    7    3
 2.03340608470641e-05    8    2    7    4
 -3.085036846176315e-06    8    2    7    5
 -1.728789688142289e-07    8    2    7    6
 0.05850074866972418    8    2    7    7
 2.478314013068913e-05    8    2    8    1
 0.03355280607132486    8    2    8    2
 0.0001551627554786587    8    3    1    1
 -0.01461983825462291    8    3    2    1
 -4.798831064400785e-05    8    3    2    2
 -5.402143427333493e-05    8    3    3    1
 -0.02647503229895241    8    3    3    2
 0.0001795619042619736    8    3    3    3
 5.186137116771311e-06    8    3    4    1
 0.0001018717688954649    8    3    4    2
 5.511072814132196e-06    8    3    4    3
 6.974786191978806e-05    8    3    4    4
 -1.298180135239867e-05    8    3    5    1
 3.127251704688618e-05    8    3    5    2
 3.381082150500528e-06    8    3    5    3
 1.86363686543094e-06    8    3    5    4
 7.820892157021758e-05    8    3    5    5
 -2.150836309560741e-05    8    3    6    1
 1.482552543624714e-05    8    3    6    2
 -2.2162476703755e-05    8    3    6    3
 -0.008113077902302923    8    3    6    4
 0.01421887577531323    8    3    6    5
 4.532272412226531e-05    8    3    6    6
 -4.379182197851928e-05    8    3    7    1
 2.251188983712138e-05    8    3    7    2
 -9.534765354392542e-07    8    3    7    3
 0.01418229196504532    8    3    7    4
 0.008134359527638744    8    3    7    5
 3.868664974590901e-07    8    3    7    6
 4.607285459801824e-05    8    3    7    7
 0.0002355809349828961    8    3    8    1
 0.0001018598327218242    8    3    8    2
 0.02331072674646662    8    3    8    3
 -2.792208784485866e-05    8    4    1    1
 5.937662578424186e-05    8    4    2    1
 -6.792360472930814e-06    8    4    2    2
 8.033856195636131e-06    8    4    3    1
 0.000107888480568633    8    4    3    2
 -1.813522548792179e-05    8    4    3    3
 7.542111545681652e-05    8    4    4    1
 0.0196187956292927    8    4    4    2
 -1.183907525495261e-05    8    4    4    3
 -3.339016221691058e-05    8    4    4    4
 -1.834690098747019e-06    8    4    5    1
 -7.008751679110228e-07    8    4    5    2
 -1.111039961838104e-06    8    4    5    3
 1.405013854694329e-06    8    4    5    4
 -2.336850123525844e-05    8    4    5    5
 0.01011429365467365    8    4    6    1
 2.733507971774751e-05    8    4    6    2
 0.003669921227743381    8    4    6    3
 8.958406549845067e-06    8    4    6    4
 -1.53502139018767e-05    8    4    6    5
 -1.92059707208189e-05    8    4    6    6
 -0.01767910587032535    8    4    7    1
 -5.486698729518538e-05    8    4    7    2
 -0.006414550082725089    8    4    7    3
 -1.017080475768853e-05    8    4    7    4
 -5.042011765431027e-05    8    4    7    5
 3.308912891525517e-06    8    4    7    6
 -2.452890658166002e-05    8    4    7    7
 2.28993131249682e-05    8    4    8    1
 -6.55393452524181e-06    8    4    8    2
 -1.944685178905657e-05    8    4    8    3
 0.0141249440975727    8    4    8    4
 6.936605362325792e-06    8    5    1    1
 0.0001821842809251056    8    5    2    1
 1.703838737458574e-06    8    5    2    2
 -8.96244030621803e-06    8    5    3    1
 0.0002247081635782782    8    5    3    2
 -2.057742124225191e-06    8    5    3    3
 -4.225209105595312e-06    8    5    4    1
 -1.152359772070188e-06    8    5    4    2
 8.441810856366462e-08    8    5    4    3
 5.530307830867715e-06    8    5    4    4
 6.115184806690617e-05    8    5    5    1
 0.01945569480367332    8    5    5    2
 -1.405799827736639e-05    8    5    5    3
 -4.920873759953776e-06    8    5    5    4
 8.112294319734924e-06    8    5    5    5
 -0.01759077947609804    8    5    6    1
 -5.878381976973367e-05    8    5    6    2
 -0.006358934437805793    8    5    6    3
 0.0001291467349094944    8    5    6    4
 -0.0002181032847682933    8    5    6    5
 6.589816979703305e-06    8    5    6    6
 -0.01006290475779214    8    5    7    1
 -3.346001613132564e-05    8    5    7    2
 -0.00363787248654055    8    5    7    3
 -0.0001772223466578375    8    5    7    4
 -0.0001240112374484954    8    5    7    5
 -2.572969094392679e-06    8    5    7    6
 -4.075401751534753e-08    8    5    7    7
 0.0001305744919780521    8    5    8    1
 1.49519034221262e-06    8    5    8    2
 -1.363418124852478e-05    8    5    8    3
 -2.93569431003109e-07    8    5    8    4
 0.01404193652363285    8    5    8    5
 -0.0001484401402462357    8    6    1    1
 1.632556254920878e-05    8    6    2    1
 -0.0001515744510391732    8    6    2    2
 6.534203161208342e-05    8    6    3    1
 2.654616632527684e-05    8    6    3    2
 -0.0001453664294589148    8    6    3    3
 0.01606323426838421    8    6    4    1
 6.074194458265662e-07    8    6    4    2
 0.0006201943939370992    8    6    4    3
 -0.0001839881260368809    8    6    4    4
 -0.02798969139557529    8    6    5    1
 -1.960146076745169e-05    8    6    5    2
 -0.001095875793134186    8    6    5    3
 4.386148894650595e-05    8    6    5    4
 -0.0002395148003469983    8    6    5    5
 -8.369208582759611e-06    8    6    6    1
 0.0207430425695023    8    6    6    2
 -3.048267897922986e-05    8    6    6    3
 1.623202278080862e-06    8    6    6    4
 -1.018237522938497e-05    8    6    6    5
 -0.0001285926147570179    8    6    6    6
 2.168799075970447e-05    8    6    7    1
 -1.922196779895827e-07    8    6    7    2
 5.94511233100573e-06    8    6    7    3
 -5.951994892774385e-06    8    6    7    4
 -1.424590583720305e-05    8    6    7    5
 1.399410009269853e-07    8    6    7    6
 -0.0001291979628123204    8    6    7    7
 -6.143126948390149e-07    8    6    8    1
 -0.0001042734472742371    8    6    8    2
 -7.013822569969841e-06    8    6    8    3
 1.653877513897301e-05    8    6    8    4
 -3.625839151418791e-05    8    6    8    5
 0.01732467347644617    8    6    8    6
 -0.0002490047485290693    8    7    1    1
 3.511753823043169e-05    8    7    2    1
 -0.0001557031577707747    8    7    2    2
 -9.02780366665709e-06    8    7    3    1
 7.642356640215808e-05    8    7    3    2
 -0.0001559540048910368    8    7    3    3
 -0.02807825703996951    8    7    4    1
 -1.310716652689945e-05    8    7    4    2
 -0.001084362786469829    8    7    4    3
 -0.0001231577463382552    8    7    4    4
 -0.01601165033279233    8    7    5    1
 -1.098754060676371e-05    8    7    5    2
 -0.000627074414386875    8    7    5    3
 -2.827121453880556e-05    8    7    5    4
 -0.0002100855363932472    8    7    5    5
 1.93504401165818e-05    8    7    6    1
 -1.846635406518895e-07    8    7    6    2
 2.860086138248433e-06    8    7    6    3
 2.299249424634829e-05    8    7    6    4
 -4.253808160522251e-05    8    7    6    5
 -0.0001331920088605993    8    7    6    6
 -1.213192155853021e-05    8    7    7    1
 0.02074299142233966    8    7    7    2
 -3.138134692520358e-05    8    7    7    3
 -5.515584464288554e-05    8    7    7    4
 -2.728749741088824e-05    8    7    7    5
 3.032487695782283e-07    8    7    7    6
 -0.000132907427336954    8    7    7    7
 2.561983262092065e-06    8    7    8    1
 -0.0001073573489154513    8    7    8    2
 -3.106662461409461e-05    8    7    8    3
 -3.375863259884239e-05    8    7    8    4
 -2.009633660295786e-05    8    7    8    5
 1.229421895688025e-07    8    7    8    6
 0.01732473314728734    8    7    8    7
 0.3694481738818118    8    8    1    1
 0.0002061805486739897    8    8    2    1
 0.3668899058079962    8    8    2    2
 -0.008351569296550908    8    8    3    1
 0.0004078112303728736    8    8    3    2
 0.3754905582222852    8    8    3    3
 2.799318195201627e-05    8    8    4    1
 -6.022778133116241e-06    8    8    4    2
 -3.207010980149404e-05    8    8    4    3
 0.3502704063062103    8    8    4    4
 0.0001245099890079127    8    8    5    1
 1.522500586217499e-06    8    8    5    2
 1.101909607564688e-05    8    8    5    3
 -2.338268603995901e-06    8    8    5    4
 0.3496865064004622    8    8    5    5
 1.436680812897849e-07    8    8    6    1
 -5.283673643608784e-05    8    8    6    2
 -9.946019113708481e-06    8    8    6    3
 9.658547634607711e-05    8    8    6    4
 -0.0002227806131676157    8    8    6    5
 0.3439185301158076    8    8    6    6
 -1.152191025053621e-05    8    8    7    1
 -5.456580490393139e-05    8    8    7    2
 -1.1809170336095e-06    8    8    7    3
 -0.0002014808690366081    8    8    7    4
 -0.0001285837494962616    8    8    7    5
 -3.259592176452348e-08    8    8    7    6
 0.3439185172739933    8    8    7    7
 -3.150015238374532e-05    8    8    8    1
 0.001186908460274972    8    8    8    2
 -0.0001659593427604516    8    8    8    3
 -1.914854013033457e-06    8    8    8    4
 6.374828328788687e-07    8    8    8    5
 -3.95231701478207e-05    8    8    8    6
 -4.042462546849277e-05    8    8    8    7
 0.3491683722578502    8    8    8    8
 -0.06346064445352934    9    1    1    1
 -3.335441799155189e-05    9    1    2    1
 -0.01694646601181551    9    1    2    2
 0.0384197116214073    9    1    3    1
 -0.0001134412874917166    9    1    3    2
 -0.04628892888859006    9    1    3    3
 -8.189588559001273e-06    9    1    4    1
 2.296013616731904e-05    9    1    4    2
 1.060444336061556e-05    9    1    4    3
 -0.0228962855006621    9    1    4    4
 -1.192806925940188e-05    9    1    5    1
 1.978719555158841e-05    9    1    5    2
 3.068458056297153e-06    9    1    5    3
 1.53444619266133e-06    9    1    5    4
 -0.02249926046971073    9    1    5    5
 -1.326668079941635e-05    9    1    6    1
 1.20481309802388e-05    9    1    6    2
 4.386318857597227e-06    9    1    6    3
 -3.563381578811626e-05    9    1    6    4
 9.885539990287099e-05    9    1    6    5
 -0.01542252035282813    9    1    6    6
 -9.586427339592109e-06    9    1    7    1
 -1.04006905537319e-05    9    1    7    2
 -2.957327865485281e-05    9    1    7    3
 8.444659824666885e-05    9    1    7    4
 5.789242953799834e-05    9    1    7    5
 -6.819154433322704e-08    9    1    7    6
 -0.01542253494557605    9    1    7    7
 1.160609919393892e-05    9    1    8    1
 -0.001531946621021096    9    1    8    2
 -4.79162299402399e-05    9    1    8    3
 1.464048329124729e-05    9    1    8    4
 1.020578826981369e-05    9    1    8    5
 3.616109939347327e-06    9    1    8    6
 -5.630886350038614e-06    9    1    8    7
 -0.01750287248080743    9    1    8    8
 0.03343011199995116    9    1    9    1
 -3.03978374533055e-05    9    2    1    1
 0.001258199614634697    9    2    2    1
 -6.634875186692513e-05    9    2    2    2
 -2.194129184423069e-05    9    2    3    1
 -0.007002939834622486    9    2    3    2
 5.320229880622301e-06    9    2    3    3
 4.917861387868032e-05    9    2    4    1
 6.614451881214563e-06    9    2    4    2
 1.960550955005078e-05    9    2    4    3
 -5.064525997769475e-05    9    2    4    4
 3.312186131880388e-05    9    2    5    1
 -1.310555779812497e-06    9    2    5    2
 1.049636308311619e-05    9    2    5    3
 -5.401015609394136e-07    9    2    5    4
 -5.279776371824386e-05    9    2    5    5
 1.413083669422047e-05    9    2    6    1
 -5.987959679257071e-07    9    2    6    2
 2.590055863114053e-05    9    2    6    3
 0.00224075274417082    9    2    6    4
 -0.003845546143959989    9    2    6    5
 -5.691484640187832e-05    9    2    6    6
 1.264935980586666e-05    9    2    7    1
 -4.931810644683526e-05    9    2    7    2
 1.744298597739195e-05    9    2    7    3
 -0.003916461123343211    9    2    7    4
 -0.00219952059677132    9    2    7    5
 1.145254373337992e-05    9    2    7    6
 -5.853542287580184e-05    9    2    7    7
 0.009059818026044254    9    2    8    1
 3.867692738272529e-05    9    2    8    2
 0.01619887914975083    9    2    8    3
 -3.470481435546777e-05    9    2    8    4
 1.799642959485558e-05    9    2    8    5
 -9.307981552599e-06    9    2    8    6
 -3.966545172315042e-05    9    2    8    7
 -0.0001084750896166844    9    2    8    8
 -4.692127568425423e-05    9    2    9    1
 0.01536902436281379    9    2    9    2
 0.1277164678528271    9    3    1    1
 -3.516038648285415e-05    9    3    2    1
 0.05154204957270048    9    3    2    2
 -0.05107091303777003    9    3    3    1
 0.0001068714958173776    9    3    3    2
 0.07853418676632813    9    3    3    3
 8.887262885643042e-05    9    3    4    1
 2.743295467990913e-05    9    3    4    2
 6.905137933306832e-05    9    3    4    3
 0.08637402001563191    9    3    4    4
 -1.249830645369225e-05    9    3    5    1
 1.121982789869541e-05    9    3    5    2
 -2.477289658334067e-05    9    3    5    3
 -2.354107334905337e-06    9    3    5    4
 0.0857372659855714    9    3    5    5
 1.24503660305012e-05    9    3    6    1
 7.052608050418399e-05    9    3    6    2
 -3.506046009370825e-06    9    3    6    3
 -1.965200365977299e-05    9    3    6    4
 -2.652988909930495e-05    9    3    6    5
 0.05874604365043642    9    3    6    6
 -2.524323855213753e-05    9    3    7    1
 1.935667176781983e-05    9    3    7    2
 1.313247850699526e-05    9    3    7    3
 3.470947839400014e-07    9    3    7    4
 -2.019461327558508e-05    9    3    7    5
 -1.370845973983691e-07    9    3    7    6
 0.0587459413437524    9    3    7    7
 -6.490012774815018e-05    9    3    8    1
 0.03430464140641188    9    3    8    2
 -1.465006087620791e-05    9    3    8    3
 -5.053305798044667e-06    9    3    8    4
 4.224824413284203e-06    9    3    8    5
 -5.856611317126415e-05    9    3    8    6
 -8.663903198672109e-05    9    3    8    7
 0.004320544091915012    9    3    8    8
 -0.02148418281761387    9    3    9    1
 -6.587469655252651e-05    9    3    9    2
 0.05160693937744685    9    3    9    3
 -0.0001479532041278135    9    4    1    1
 6.805437330993399e-05    9    4    2    1
 -9.879128945024652e-05    9    4    2    2
 0.0001067554891280912    9    4    3    1
 8.268720858770928e-05    9    4    3    2
 -0.0001000061829171668    9    4    3    3
 0.02545378369869746    9    4    4    1
 -2.410122812285799e-05    9    4    4    2
 0.007084796262669051    9    4    4    3
 -0.0002303762256869074    9    4    4    4
 7.139094123739553e-07    9    4    5    1
 -2.912221897977969e-06    9    4    5    2
 6.178090858950529e-09    9    4    5    3
 1.24088279271575e-05    9    4    5    4
 -0.0001543127593400512    9    4    5    5
 -2.6283979042728e-05    9    4    6    1
 0.0100261709231883    9    4    6    2
 -2.320382260957813e-05    9    4    6    3
 3.53536304117681e-05    9    4    6    4
 -5.625449091015422e-05    9    4    6    5
 -9.442938710375324e-05    9    4    6    6
 4.958833854258203e-05    9    4    7    1
 -0.01752676059602036    9    4    7    2
 4.282919620071707e-05    9    4    7    3
 -5.968846601298012e-05    9    4    7    4
 -4.189750221281381e-05    9    4    7    5
 -5.242567476877157e-06    9    4    7    6
 -0.0001391930828113611    9    4    7    7
 2.843277656416569e-05    9    4    8    1
 -5.382783409972505e-05    9    4    8    2
 -1.392212905065914e-05    9    4    8    3
 1.911372172852066e-05    9    4    8    4
 -1.309705476178025e-06    9    4    8    5
 0.00528839324618332    9    4    8    6
 -0.009244278604259673    9    4    8    7
 6.353323902270589e-06    9    4    8    8
 3.233421385024771e-05    9    4    9    1
 1.700887897219363e-05    9    4    9    2
 -4.462732520445417e-05    9    4    9    3
 0.01966565717982378    9    4    9    4
 2.060233827669453e-06    9    5    1    1
 4.829361408518442e-05    9    5    2    1
 1.616562440568183e-05    9    5    2    2
 -1.622953935262287e-05    9    5    3    1
 5.520769943054161e-05    9    5    3    2
 5.235132587627794e-06    9    5    3    3
 8.583373508139031e-07    9    5    4    1
 -6.03619173285748e-08    9    5    4    2
 -5.098042653481654e-08    9    5    4    3
 2.246438562149983e-05    9    5    4    4
 0.02564828120806994    9    5    5    1
 -3.048533638822492e-05    9    5    5    2
 0.007069034433719235    9    5    5    3
 -3.76790497960367e-05    9    5    5    4
 4.731671969374997e-05    9    5    5    5
 4.638436752144214e-05    9    5    6    1
 -0.01758406868183376    9    5    6    2
 4.300480440309152e-05    9    5    6    3
 2.490564863053145e-05    9    5    6    4
 -5.819117228061704e-05    9    5    6    5
 -1.223948661184236e-05    9    5    6    6
 2.258279522468362e-05    9    5    7    1
 -0.01005969014294943    9    5    7    2
 2.353675335203263e-05    9    5    7    3
 -5.163791134136356e-05    9    5    7    4
 -2.792749223440166e-05    9    5    7    5
 -2.246771158725032e-05    9    5    7    6
 -1.534181671087368e-06    9    5    7    7
 2.497292108389424e-05    9    5    8    1
 5.055818081849542e-05    9    5    8    2
 -1.12705070741167e-05    9    5    8    3
 -3.623663040812309e-07    9    5    8    4
 1.534760890028233e-05    9    5    8    5
 -0.009308626340312707    9    5    8    6
 -0.005325551884649437    9    5    8    7
 3.488429544349171e-05    9    5    8    8
 -3.037630554221079e-06    9    5    9    1
 1.236605796998218e-05    9    5    9    2
 3.124886531607777e-06    9    5    9    3
 7.48824107647806e-07    9    5    9    4
 0.0198518814915943    9    5    9    5
 -5.009625236207374e-05    9    6    1    1
 6.12679221849762e-05    9    6    2    1
 -2.533731650941055e-05    9    6    2    2
 1.616901684055392e-05    9    6    3    1
 0.0001141385851566117    9    6    3    2
 -3.348337942031599e-05    9    6    3    3
 -2.12675250862763e-05    9    6    4    1
 0.002533109217230628    9    6    4    2
 -9.18338827907544e-06    9    6    4    3
 -2.499982338541659e-05    9    6    4    4
 6.789657532225831e-05    9    6    5    1
 -0.004406803033569189    9    6    5    2
 9.679420754093606e-06    9    6    5    3
 -4.21993972556985e-06    9    6    5    4
 -5.157355113361456e-05    9    6    5    5
 0.003997115632533189    9    6    6    1
 -4.506731102177843e-05    9    6    6    2
 0.001768863666156808    9    6    6    3
 2.954374599941751e-05    9    6    6    4
 -6.290665553987137e-05    9    6    6    5
 -3.061509986248976e-05    9    6    6    6
 -7.332520659365576e-08    9    6    7    1
 -3.027240084697815e-06    9    6    7    2
 -1.544040479359592e-07    9    6    7    3
 -5.416046772697299e-05    9    6    7    4
 -4.104009420162784e-05    9    6    7    5
 -9.232733017683221e-06    9    6    7    6
 -2.658371694038835e-05    9    6    7    7
 -2.719217931939097e-06    9    6    8    1
 -1.432528360377351e-05    9    6    8    2
 -4.634722044600691e-05    9    6    8    3
 0.002698606072785823    9    6    8    4
 -0.004736214298883675    9    6    8    5
 -2.000525035055334e-05    9    6    8    6
 -5.472066712142251e-06    9    6    8    7
 -1.646625219180081e-06    9    6    8    8
 5.945235394554988e-06    9    6    9    1
 -3.384667530466307e-05    9    6    9    2
 -1.708261662435015e-05    9    6    9    3
 -1.009629326287484e-05    9    6    9    4
 3.37216188053035e-05    9    6    9    5
 0.007136202348611852    9    6    9    6
 -7.382974150549653e-05    9    7    1    1
 6.787515070576657e-05    9    7    2    1
 -7.731410212921643e-05    9    7    2    2
 -8.598585665148579e-07    9    7    3    1
 0.0001153519850842693    9    7    3    2
 -6.705230441245199e-05    9    7    3    3
 5.981083486243565e-05    9    7    4    1
 -0.004428437783054174    9    7    4    2
 1.280101097727319e-05    9    7    4    3
 -7.747091143999412e-05    9    7    4    4
 3.50205451360605e-05    9    7    5    1
 -0.002520851878888714    9    7    5    2
 4.533942352326755e-06    9    7    5    3
 -1.341953922456062e-05    9    7    5    4
 -6.858009232406495e-05    9    7    5    5
 2.905825864678498e-08    9    7    6    1
 5.158880321363015e-06    9    7    6    2
 5.357164676552632e-09    9    7    6    3
 3.524524132107489e-05    9    7    6    4
 -7.649642112265759e-05    9    7    6    5
 -5.662775975165624e-05    9    7    6    6
 0.003997032029868443    9    7    7    1
 -4.595575269532232e-05    9    7    7    2
 0.001768660107738751    9    7    7    3
 -8.789405779762082e-05    9    7    7    4
 -4.381686209224134e-05    9    7    7    5
 -2.000264556966556e-06    9    7    7    6
 -7.507411100967197e-05    9    7    7    7
 1.022963343560031e-06    9    7    8    1
 -3.182800670628264e-05    9    7    8    2
 -5.702423697751293e-05    9    7    8    3
 -0.004717005990498824    9    7    8    4
 -0.002709489458744779    9    7    8    5
 -1.518174378825533e-06    9    7    8    6
 -1.994294261603834e-05    9    7    8    7
 -6.0844810659532e-06    9    7    8    8
 -3.278778522432421e-06    9    7    9    1
 -2.698274781302658e-05    9    7    9    2
 -2.454237744485901e-05    9    7    9    3
 2.964632686001819e-05    9    7    9    4
 1.706333030864791e-05    9    7    9    5
 1.675921862098334e-07    9    7    9    6
 0.007136210943467575    9    7    9    7
 0.0001909226963699487    9    8    1    1
 0.04543165307979196    9    8    2    1
 0.0003490433171783968    9    8    2    2
 -0.0001656208111893731    9    8    3    1
 0.08305552452851513    9    8    3    2
 -0.0001543130259854327    9    8    3    3
 1.196707720057387e-05    9    8    4    1
 -0.0001766073773813198    9    8    4    2
 -1.708071166895459e-05    9    8    4    3
 0.0001836484851918631    9    8    4    4
 2.0514400169743e-05    9    8    5    1
 6.271988267718135e-05    9    8    5    2
 -1.268315650857185e-05    9    8    5    3
 -6.05112562488305e-06    9    8    5    4
 0.0001533899677001321    9    8    5    5
 4.094400267796809e-05    9    8    6    1
 -2.256066328727695e-05    9    8    6    2
 1.137676897236859e-05    9    8    6    3
 0.02639352747970615    9    8    6    4
 -0.04621651197983474    9    8    6    5
 9.571026103390367e-05    9    8    6    6
 -3.126807782652517e-05    9    8    7    1
 -5.678878184643871e-05    9    8    7    2
 -0.0001083160028773287    9    8    7    3
 -0.04613710833476811    9    8    7    4
 -0.0264396351793455    9    8    7    5
 4.482591780826925e-06    9    8    7    6
 9.248321555142898e-05    9    8    7    7
 0.00120820170804558    9    8    8    1
 -4.955558402525692e-05    9    8    8    2
 -0.03695989612138856    9    8    8    3
 8.56408467830756e-05    9    8    8    4
 9.66853097516327e-05    9    8    8    5
 2.185170723356563e-05    9    8    8    6
 6.160028736770439e-05    9    8    8    7
 0.0003806306380934013    9    8    8    8
 -7.917089237170153e-06    9    8    9    1
 -0.02350340763067937    9    8    9    2
 0.0002056654735051377    9    8    9    3
 4.674754507563055e-05    9    8    9    4
 3.139162463709977e-05    9    8    9    5
 0.0001094635744068299    9    8    9    6
 0.0001030378037618512    9    8    9    7
 0.08677420582980866    9    8    9    8
 0.4576351666519397    9    9    1    1
 -0.0002730587799925353    9    9    2    1
 0.3960761638621078    9    9    2    2
 -0.04305756733259675    9    9    3    1
 -0.0003625557955163439    9    9    3    2
 0.4210968741624307    9    9    3    3
 4.584260981933901e-05    9    9    4    1
 1.215751965036465e-05    9    9    4    2
 2.833284229325887e-05    9    9    4    3
 0.4160156217934206    9    9    4    4
 -3.407427471722202e-07    9    9    5    1
 3.649306405058585e-06    9    9    5    2
 -1.416364033219752e-05    9    9    5    3
 -2.841567162723772e-06    9    9    5    4
 0.4152494321138162    9    9    5    5
 1.037475918747559e-05    9    9    6    1
 4.103676894949361e-05    9    9    6    2
 -7.707078978649945e-06    9    9    6    3
 -0.0001676088284789248    9    9    6    4
 0.0002205973629668851    9    9    6    5
 0.3841714936877103    9    9    6    6
 -1.455133636168022e-05    9    9    7    1
 3.175674398126248e-05    9    9    7    2
 2.264831933329303e-05    9    9    7    3
 0.000252025696761012    9    9    7    4
 0.0001204490922390417    9    9    7    5
 -1.240025835954404e-07    9    9    7    6
 0.3841714740963958    9    9    7    7
 -5.153118955952454e-05    9    9    8    1
 0.02667238199791202    9    9    8    2
 0.0002234230382135713    9    9    8    3
 -2.048114475042067e-06    9    9    8    4
 7.049559637105066e-06    9    9    8    5
 -5.718878231862998e-05    9    9    8    6
 -7.051677444435554e-05    9    9    8    7
 0.3373133772762538    9    9    8    8
 -0.02018889800239833    9    9    9    1
 0.0001061842803810239    9    9    9    2
 0.03874164847985536    9    9    9    3
 -5.140607309089059e-05    9    9    9    4
 5.797622762469984e-06    9    9    9    5
 -1.67422666371208e-05    9    9    9    6
 -2.938761036810984e-05    9    9    9    7
 -0.0003330640693068359    9    9    9    8
 0.3704996941598329    9    9    9    9
 0.0001903025949226863   10    1    1    1
 1.0911807694255e-05   10    1    2    1
 8.545846589736552e-05   10    1    2    2
 2.232378003019169e-05   10    1    3    1
 5.47703942946957e-07   10    1    3    2
 6.874510237107293e-05   10    1    3    3
 0.03553645766999701   10    1    4    1
 2.671400239279089e-05   10    1    4    2
 -0.007841480419131562   10    1    4    3
 5.89406919580917e-05   10    1    4    4
 -0.0001193343082059287   10    1    5    1
 -1.830480197360547e-05   10    1    5    2
 2.651904628075143e-05   10    1    5    3
 9.398219689337326e-06   10    1    5    4
 9.610130253122791e-05   10    1    5    5
 1.76974707732956e-06   10    1    6    1
 0.008066060610961111   10    1    6    2
 8.43783855930359e-06   10    1    6    3
 1.874266569110834e-06   10    1    6    4
 -1.757025019188256e-06   10    1    6    5
 9.848813887781331e-05   10    1    6    6
 8.79308692153161e-06   10    1    7    1
 -0.01399074563862508   10    1    7    2
 7.428664380199262e-06   10    1    7    3
 1.457857953071863e-06   10    1    7    4
 -2.353063540514543e-06   10    1    7    5
 -8.703469002041057e-06   10    1    7    6
 4.435793389706584e-05   10    1    7    7
 7.330789485645695e-07   10    1    8    1
 3.961088381655301e-05   10    1    8    2
 7.896355910235413e-07   10    1    8    3
 1.591852226848846e-05   10    1    8    4
 -1.064597722623614e-05   10    1    8    5
 0.006825628951088361   10    1    8    6
 -0.0118391222959091   10    1    8    7
 4.707995948080263e-05   10    1    8    8
 -2.45031879786196e-05   10    1    9    1
 1.040973479642857e-05   10    1    9    2
 3.229953248967634e-05   10    1    9    3
 -0.001911928831068897   10    1    9    4
 6.665182768676858e-06   10    1    9    5
 -1.032244620472304e-05   10    1    9    6
 2.397889760188935e-05   10    1    9    7
 8.787586290706707e-06   10    1    9    8
 4.585819894532013e-05   10    1    9    9
 0.0262168168215808   10    1   10    1
 4.037155511598725e-05   10    2    1    1
 1.692646500573385e-05   10    2    2    1
 2.86573292514434e-05   10    2    2    2
 -1.071147378389565e-05   10    2    3    1
 2.296384872932246e-05   10    2    3    2
 2.950093642100828e-05   10    2    3    3
 2.832703089889699e-05   10    2    4    1
 0.009367053771078984   10    2    4    2
 1.305477867962248e-05   10    2    4    3
 2.619571734890308e-05   10    2    4    4
 -2.968426106880889e-05   10    2    5    1
 -3.143726596559895e-05   10    2    5    2
 -1.09018587226014e-05   10    2    5    3
 4.625403857327774e-07   10    2    5    4
 2.866649566219767e-05   10    2    5    5
 0.004514993644515879   10    2    6    1
 4.17210491594272e-05   10    2    6    2
 0.0009057157679984744   10    2    6    3
 1.089398702335093e-05   10    2    6    4
 -6.908666272545369e-06   10    2    6    5
 2.283747104395808e-05   10    2    6    6
 -0.0078313450163665   10    2    7    1
 -2.11147155961426e-05   10    2    7    2
 -0.001571245681548085   10    2    7    3
 1.279681614279519e-05   10    2    7    4
 -9.064254089283061e-06   10    2    7    5
 9.529953741626734e-07   10    2    7    6
 1.853572660904627e-05   10    2    7    7
 1.909430974774047e-05   10    2    8    1
 1.051487423900254e-05   10    2    8    2
 1.873004721588989e-05   10    2    8    3
 0.00814947570315923   10    2    8    4
 -2.738555781250375e-05   10    2    8    5
 1.639150553241053e-05   10    2    8    6
 -1.363357251065732e-05   10    2    8    7
 9.203272086754591e-06   10    2    8    8
 -7.045265802723447e-07   10    2    9    1
 1.500626320188203e-06   10    2    9    2
 1.298261796376506e-05   10    2    9    3
 -5.306174409215145e-06   10    2    9    4
 -8.960981811547777e-06   10    2    9    5
 0.001648020967925871   10    2    9    6
 -0.002858517065076492   10    2    9    7
 -4.525413244966643e-06   10    2    9    8
 1.778709207954472e-05   10    2    9    9
 1.484209762251226e-05   10    2   10    1
 0.01202240861378006   10    2   10    2
 0.0002448078509474815   10    3    1    1
 -5.02097259174442e-06   10    3    2    1
 0.0001681624661646377   10    3    2    2
 -0.0001137905064575758   10    3    3    1
 9.684539732619201e-07   10    3    3    2
 0.0002274178293801268   10    3    3    3
 -0.02161859909562475   10    3    4    1
 1.129467215844976e-05   10    3    4    2
 0.005227336230785847   10    3    4    3
 0.0002401947057440515   10    3    4    4
 7.298286770774606e-05   10    3    5    1
 -1.096027284396041e-05   10    3    5    2
 -1.757865878963343e-05   10    3    5    3
 -7.865445862738536e-06   10    3    5    4
 0.0002017550187565551   10    3    5    5
 1.671260890966813e-05   10    3    6    1
 -0.004951427402500795   10    3    6    2
 1.950629608738734e-05   10    3    6    3
 5.847407471416534e-08   10    3    6    4
 -1.251647322394858e-06   10    3    6    5
 0.0001560307558863337   10    3    6    6
 -8.127765602582921e-06   10    3    7    1
 0.00858777821238472   10    3    7    2
 -1.857930552385112e-05   10    3    7    3
 -5.239652175768676e-06   10    3    7    4
 1.034075042189728e-06   10    3    7    5
 -1.416200060018938e-06   10    3    7    6
 0.0001661834721669715   10    3    7    7
 9.223252694131551e-07   10    3    8    1
 5.810136350626216e-05   10    3    8    2
 5.557885869356488e-07   10    3    8    3
 -1.360102894527228e-05   10    3    8    4
 -2.733876371601955e-06   10    3    8    5
 -0.0009068045077480545   10    3    8    6
 0.001572402713415995   10    3    8    7
 6.397231570361225e-05   10    3    8    8
 -5.122845904023264e-05   10    3    9    1
 -5.860473429871096e-06   10    3    9    2
 7.854416350381076e-05   10    3    9    3
 -0.002119508084171347   10    3    9    4
 7.170967361837879e-06   10    3    9    5
 -5.070916480958065e-06   10    3    9    6
 3.350075836044783e-06   10    3    9    7
 -3.160967212425413e-06   10    3    9    8
 9.132866751284454e-05   10    3    9    9
 -0.005296375594923187   10    3   10    1
 -6.181790044348732e-06   10    3   10    2
 0.01302382620298213   10    3   10    3
 0.1496085347136977   10    4    1    1
 2.827506080856721e-05   10    4    2    1
 0.09053531173990244   10    4    2    2
 -0.0423136743614624   10    4    3    1
 0.0001310357507775098   10    4    3    2
 0.1115502224767853   10    4    3    3
 4.289564074836366e-05   10    4    4    1
 3.946205694098814e-06   10    4    4    2
 4.494419070225691e-05   10    4    4    3
 0.1140865029958648   10    4    4    4
 1.162106358881287e-06   10    4    5    1
 -9.113897585706869e-07   10    4    5    2
 -1.371801749979121e-05   10    4    5    3
 -1.710793530576025e-05   10    4    5    4
 0.1053662590277041   10    4    5    5
 9.988957696970437e-06   10    4    6    1
 4.902974918032886e-05   10    4    6    2
 -3.829147499365391e-06   10    4    6    3
 4.742969152455314e-06   10    4    6    4
 -8.703802771105988e-05   10    4    6    5
 0.08413338211056852   10    4    6    6
 -1.27232078943738e-05   10    4    7    1
 3.502777749788575e-05   10    4    7    2
 2.947710191315084e-05   10    4    7    3
 -5.856717628123819e-05   10    4    7    4
 -4.675386760129492e-05   10    4    7    5
 -0.001722191807245041   10    4    7    6
 0.08614242714058225   10    4    7    7
 -1.810769013181018e-05   10    4    8    1
 0.03182717289726284   10    4    8    2
 3.746761413336218e-05   10    4    8    3
 -1.217461859147493e-05   10    4    8    4
 2.405438262705763e-06   10    4    8    5
 -5.853637504548183e-05   10    4    8    6
 -5.617185216879605e-05   10    4    8    7
 0.03919615789382345   10    4    8    8
 -0.02670530249926141   10    4    9    1
 -5.716488757613029e-06   10    4    9    2
 0.04280378359871805   10    4    9    3
 -5.680912915805811e-05   10    4    9    4
 5.273762183701626e-06   10    4    9    5
 -1.70322342409161e-05   10    4    9    6
 -3.44318384891612e-05   10    4    9    7
 6.888735880121826e-05   10    4    9    8
 0.05143041601904158   10    4    9    9
 4.673544498496517e-05   10    4   10    1
 1.706583407700986e-05   10    4   10    2
 0.000120375966919278   10    4   10    3
 0.07571947025784939   10    4   10    4
 -0.0005037161365984749   10    5    1    1
 -4.428215803738444e-05   10    5    2    1
 -0.0003050026282775052   10    5    2    2
 0.0001425978623378112   10    5    3    1
 -5.508905841196045e-05   10    5    3    2
 -0.0003754691854183457   10    5    3    3
 3.984133246047504e-06   10    5    4    1
 5.312946446414747e-07   10    5    4    2
 -2.531930779556307e-06   10    5    4    3
 -0.0003591363921603864   10    5    4    4
 1.671570770949559e-05   10    5    5    1
 1.684046354412765e-06   10    5    5    2
 9.436036481235626e-06   10    5    5    3
 0.003741512032143995   10    5    5    4
 -0.0003797641462858376   10    5    5    5
 -5.604008145801503e-07   10    5    6    1
 -8.504016301810767e-06   10    5    6    2
 -6.4123092108974e-07   10    5    6    3
 -3.546433383531673e-05   10    5    6    4
 5.339407045869403e-05   10    5    6    5
 -0.001921340641405981   10    5    6    6
 -9.88942317233185e-07   10    5    7    1
 -7.998329165227233e-06   10    5    7    2
 2.347359925667197e-07   10    5    7    3
 3.844255382400409e-05   10    5    7    4
 2.653382970746254e-05   10    5    7    5
 0.0009543629885603375   10    5    7    6
 0.001348107722597957   10    5    7    7
 -2.326343062049447e-05   10    5    8    1
 -0.0001071490414085997   10    5    8    2
 5.831867844729875e-06   10    5    8    3
 6.138678065981703e-07   10    5    8    4
 1.416678109526795e-07   10    5    8    5
 -1.250576804761215e-06   10    5    8    6
 -9.907330467773543e-06   10    5    8    7
 -0.0001320284082489322   10    5    8    8
 9.006855167813738e-05   10    5    9    1
 -3.538948855650953e-06   10    5    9    2
 -0.0001441969911506696   10    5    9    3
 -1.446172667775816e-06   10    5    9    4
 5.716354437919746e-06   10    5    9    5
 -6.028069488181274e-07   10    5    9    6
 -1.664903836162951e-06   10    5    9    7
 -2.055389412352334e-05   10    5    9    8
 -0.0001730238191361163   10    5    9    9
 4.787745108611893e-06   10    5   10    1
 2.059886139718093e-07   10    5   10    2
 -5.849146861351728e-07   10    5   10    3
 -0.0002277114652303177   10    5   10    4
 0.008136826792300128   10    5   10    5
 9.888538332997661e-07   10    6    1    1
 0.0126260382050726   10    6    2    1
 7.703213001615313e-05   10    6    2    2
 -3.871388005014585e-06   10    6    3    1
 0.01052285628933501   10    6    3    2
 -4.378269292121055e-06   10    6    3    3
 1.963049993201098e-06   10    6    4    1
 -7.340206970023122e-06   10    6    4    2
 -2.379690268993193e-06   10    6    4    3
 1.340809732790706e-05   10    6    4    4
 -1.595569502874864e-07   10    6    5    1
 6.357988764233891e-06   10    6    5    2
 -4.67770906717464e-06   10    6    5    3
 -1.876265914988482e-05   10    6    5    4
 2.786038774582139e-05   10    6    5    5
 4.484742971434801e-05   10    6    6    1
 2.868208029078295e-06   10    6    6    2
 3.402697452642475e-05   10    6    6    3
 0.01038285521178652   10    6    6    4
 -0.01384255821408544   10    6    6    5
 1.752373944010044e-05   10    6    6    6
 -1.048754856601774e-05   10    6    7    1
 -1.560255792223182e-06   10    6    7    2
 -2.471452927390806e-05   10    6    7    3
 -0.01394922212445489   10    6    7    4
 -0.005564083231820582   10    6    7    5
 2.644873831101108e-05   10    6    7    6
 -1.482216447504859e-05   10    6    7    7
 0.011672099755792   10    6    8    1
 2.164862693212887e-05   10    6    8    2
 0.002882921780208495   10    6    8    3
 -8.484455533633663e-07   10    6    8    4
 2.924445117796651e-05   10    6    8    5
 -2.00744638078904e-06   10    6    8    6
 -3.984686762224276e-06   10    6    8    7
 -9.394929075620035e-06   10    6    8    8
 -2.490255741920659e-05   10    6    9    1
 0.005507650688315466   10    6    9    2
 -2.13401228656026e-05   10    6    9    3
 7.925643232303463e-06   10    6    9    4
 6.286925449073788e-06   10    6    9    5
 -1.312136277818374e-05   10    6    9    6
 1.518013351926236e-06   10    6    9    7
 -0.006269181514307862   10    6    9    8
 3.843193441225827e-05   10    6    9    9
 2.556997556581341e-06   10    6   10    1
 9.893836153057487e-06   10    6   10    2
 -3.612564746303911e-07   10    6   10    3
 2.508986600368508e-05   10    6   10    4
 -1.255084832665541e-05   10    6   10    5
 0.01600479455675455   10    6   10    6
 3.341304089192521e-05   10    7    1    1
 -0.02190010420161177   10    7    2    1
 -7.447195763250036e-05   10    7    2    2
 1.877288641949936e-05   10    7    3    1
 -0.01825255197658276   10    7    3    2
 5.9424285104692e-05   10    7    3    3
 -1.239462196737803e-05   10    7    4    1
 6.541269095813231e-05   10    7    4    2
 6.17638050254162e-06   10    7    4    3
 -1.361060810012381e-05   10    7    4    4
 -2.645260436093775e-06   10    7    5    1
 -2.008827595325925e-05   10    7    5    2
 7.754896003461866e-06   10    7    5    3
 1.951289151948315e-06   10    7    5    4
 1.876286433716526e-05   10    7    5    5
 -4.059068899523234e-05   10    7    6    1
 -3.039801723086148e-06   10    7    6    2
 -3.129460654516577e-05   10    7    6    3
 -0.01385801945859306   10    7    6    4
 0.02164675861734773   10    7    6    5
 3.471110541203493e-05   10    7    6    6
 -2.331107868090915e-05   10    7    7    1
 5.436738311502015e-06   10    7    7    2
 1.941100481112129e-05   10    7    7    3
 0.02660688162942784   10    7    7    4
 0.01371839714229397   10    7    7    5
 -3.60530288262039e-05   10    7    7    6
 3.702762509531612e-05   10    7    7    7
 -0.02024503934573806   10    7    8    1
 -3.070815416010531e-05   10    7    8    2
 -0.00500005021735891   10    7    8    3
 1.499188427479433e-05   10    7    8    4
 -5.942866808110679e-05   10    7    8    5
 -1.273827017690983e-07   10    7    8    6
 1.494976856549652e-05   10    7    8    7
 4.380712944977475e-05   10    7    8    8
 4.176516260727493e-05   10    7    9    1
 -0.009552761788799489   10    7    9    2
 3.83357143975052e-05   10    7    9    3
 -2.795100272435713e-05   10    7    9    4
 -1.477779971823155e-05   10    7    9    5
 1.829716810304982e-05   10    7    9    6
 6.9499391116304e-06   10    7    9    7
 0.0108728666151862   10    7    9    8
 -4.786089926329671e-05   10    7    9    9
 -3.509505931943239e-06   10    7   10    1
 -1.69526517424265e-06   10    7   10    2
 4.078067389588317e-06   10    7   10    3
 -2.502888829465293e-05   10    7   10    4
 1.462408982936086e-05   10    7   10    5
 -0.01649435176889754   10    7   10    6
 0.03510367791664638   10    7   10    7
 -4.800714443311263e-06   10    8    1    1
 4.556579534620237e-05   10    8    2    1
 4.624573859584833e-06   10    8    2    2
 2.185070347716194e-06   10    8    3    1
 6.58155637799999e-05   10    8    3    2
 -2.211539180271911e-06   10    8    3    3
 -2.881956700945907e-05   10    8    4    1
 0.01376449313650108   10    8    4    2
 -8.89771825514307e-06   10    8    4    3
 -1.153903127923578e-05   10    8    4    4
 -1.550763707496154e-05   10    8    5    1
 -4.628585226294129e-05   10    8    5    2
 -1.841536123495137e-06   10    8    5    3
 1.000671955075847e-06   10    8    5    4
 -3.771951545342297e-06   10    8    5    5
 0.006821534577289967   10    8    6    1
 9.639234962010052e-06   10    8    6    2
 0.004298438927490773   10    8    6    3
 1.125965253322984e-05   10    8    6    4
 -2.622727318526877e-05   10    8    6    5
 -5.896743810538238e-06   10    8    6    6
 -0.01183165663902876   10    8    7    1
 -1.422933925354206e-06   10    8    7    2
 -0.007455466323184185   10    8    7    3
 -5.11480327881629e-06   10    8    7    4
 -2.976512383864002e-05   10    8    7    5
 1.51180677713842e-06   10    8    7    6
 2.631928115532442e-06   10    8    7    7
 2.607056344609202e-05   10    8    8    1
 -1.004362322546079e-06   10    8    8    2
 2.300914561046095e-06   10    8    8    3
 0.005604589046297332   10    8    8    4
 -1.880006100021023e-05   10    8    8    5
 -8.912437784763729e-06   10    8    8    6
 2.261210075182564e-05   10    8    8    7
 6.609050741582328e-07   10    8    8    8
 8.571904223603712e-06   10    8    9    1
 -4.084251199420563e-06   10    8    9    2
 3.023157376961685e-06   10    8    9    3
 -3.493570020241234e-05   10    8    9    4
 -3.874547229156566e-06   10    8    9    5
 -0.001504294015751661   10    8    9    6
 0.002609070249412539   10    8    9    7
 2.113910933595616e-05   10    8    9    8
 -5.205178249118261e-06   10    8    9    9
 1.453263577059841e-05   10    8   10    1
 0.003847334651765975   10    8   10    2
 1.790611604951572e-05   10    8   10    3
 -2.018219957674496e-06   10    8   10    4
 2.709654750706378e-07   10    8   10    5
 1.202166512799649e-05   10    8   10    6
 -9.239531497149691e-06   10    8   10    7
 0.009401552594292862   10    8   10    8
 -5.844897419423854e-05   10    9    1    1
 1.184630168102618e-05   10    9    2    1
 -6.811867249020223e-06   10    9    2    2
 -3.330475172431475e-05   10    9    3    1
 1.743049222908362e-05   10    9    3    2
 9.03869138828759e-06   10    9    3    3
 -0.02446756514258653   10    9    4    1
 -2.825307630967988e-05   10    9    4    2
 0.004274804609587243   10    9    4    3
 1.603402173387e-05   10    9    4    4
 8.27265614413936e-05   10    9    5    1
 -6.132461632407229e-07   10    9    5    2
 -1.443237869717208e-05   10    9    5    3
 -7.988145274562188e-06   10    9    5    4
 -6.063309679077426e-06   10    9    5    5
 -6.915404763941325e-06   10    9    6    1
 -0.004506791878290701   10    9    6    2
 -8.081570878467924e-06   10    9    6    3
 8.843695387974847e-06   10    9    6    4
 -1.791979987052733e-05   10    9    6    5
 -2.185308891250751e-05   10    9    6    6
 1.620683585042194e-05   10    9    7    1
 0.007816371056375698   10    9    7    2
 9.240253203640812e-06   10    9    7    3
 -3.502033169099168e-05   10    9    7    4
 -1.086662579076025e-05   10    9    7    5
 9.736682463818088e-06   10    9    7    6
 1.215089352604606e-05   10    9    7    7
 1.488650836117648e-05   10    9    8    1
 -1.403529004435828e-05   10    9    8    2
 1.501754712545787e-06   10    9    8    3
 -4.237526720048769e-05   10    9    8    4
 -5.347422742985059e-07   10    9    8    5
 -0.005015570361771427   10    9    8    6
 0.008699005325474438   10    9    8    7
 -1.768970121508469e-06   10    9    8    8
 -1.333771175300498e-05   10    9    9    1
 -2.683271114258451e-06   10    9    9    2
 -3.08942703787439e-05   10    9    9    3
 -0.01254861218955496   10    9    9    4
 4.234525977055635e-05   10    9    9    5
 7.763703297611597e-06   10    9    9    6
 -2.405822042944393e-05   10    9    9    7
 -1.175177776802413e-05   10    9    9    8
 -1.197735701328216e-05   10    9    9    9
 -0.003477204153959739   10    9   10    1
 -2.084691003301723e-06   10    9   10    2
 0.007885237740297134   10    9   10    3
 -2.066330560814784e-05   10    9   10    4
 1.689989370688374e-06   10    9   10    5
 1.068683751762487e-05   10    9   10    6
 -1.183008927870914e-05   10    9   10    7
 1.058362517774082e-05   10    9   10    8
 0.01844459739988615   10    9   10    9
 0.4966220870000255   10   10    1    1
 -2.534977553400668e-05   10   10    2    1
 0.4184085176278931   10   10    2    2
 -0.04965655275911077   10   10    3    1
 5.473734455805807e-05   10   10    3    2
 0.4377603616545412   10   10    3    3
 3.360451669277347e-05   10   10    4    1
 1.407120889520886e-05   10   10    4    2
 0.0001031184047888877   10   10    4    3
 0.4724221598240347   10   10    4    4
 3.167854267545708e-06   10   10    5    1
 -1.510425627547163e-06   10   10    5    2
 -1.975302434790349e-05   10   10    5    3
 -0.0001089875566702225   10   10    5    4
 0.4402211292688454   10   10    5    5
 1.529380125771676e-05   10   10    6    1
 7.023515427489969e-05   10   10    6    2
 -2.573277564769575e-06   10   10    6    3
 -2.732713307410879e-05   10   10    6    4
 -4.315936236059719e-05   10   10    6    5
 0.4101805464619409   10   10    6    6
 -5.047814560767198e-06   10   10    7    1
 8.100165221277347e-05   10   10    7    2
 4.233136480280485e-05   10   10    7    3
 -2.223757303773758e-06   10   10    7    4
 -2.438077389759856e-05   10   10    7    5
 -0.01173949340152089   10   10    7    6
 0.42377327532657   10   10    7    7
 6.830423482553553e-08   10   10    8    1
 0.05356243425064006   10   10    8    2
 6.914894351030253e-05   10   10    8    3
 -1.556751520611388e-05   10   10    8    4
 3.795980795917216e-06   10   10    8    5
 -0.0001118539612837935   10   10    8    6
 -0.0001249591625021744   10   10    8    7
 0.3150814589234623   10   10    8    8
 -0.01642794549757902   10   10    9    1
 -1.395776679041511e-05   10   10    9    2
 0.06151216430436674   10   10    9    3
 -0.0001184543672837719   10   10    9    4
 1.604392046994261e-05   10   10    9    5
 -1.606065402950037e-05   10   10    9    6
 -5.384559980562785e-05   10   10    9    7
 0.000102627008604261   10   10    9    8
 0.3669581154373887   10   10    9    9
 6.097958312725662e-05   10   10   10    1
 1.957717411566786e-05   10   10   10    2
 0.0001421971736903192   10   10   10    3
 0.07048814488133229   10   10   10    4
 -0.0002374859737508381   10   10   10    5
 3.408575162567818e-05   10   10   10    6
 -5.533887435106989e-05   10   10   10    7
 -3.438307695611892e-06   10   10   10    8
 -2.858360997611999e-06   10   10   10    9
 0.4190642676316508   10   10   10   10
 -6.518705815494541    1    1  0  0
 0.0009007034972865396    2    1  0  0
 -5.063961649848288    2    2  0  0
 0.7191682584991481    3    1  0  0
 -0.0001511218657631927    3    2  0  0
 -5.254033158895217    3    3  0  0
 6.161160689151963e-05    4    1  0  0
 -6.189854005206525e-05    4    2  0  0
 -0.0007611424206960792    4    3  0  0
 -5.320772907551817    4    4  0  0
 -0.0001984776611007856    5    1  0  0
 1.688808748283298e-05    5    2  0  0
 0.0002907713672001085    5    3  0  0
 5.439820372044737e-05    5    4  0  0
 -5.306372277836457    5    5  0  0
 -0.000207132234401121    6    1  0  0
 -0.0008615600050885093    6    2  0  0
 0.000162969031668087    6    3  0  0
 0.0008228021018280221    6    4  0  0
 -4.927853114076367e-05    6    5  0  0
 -4.473254963870495    6    6  0  0
 6.695272798889747e-05    7    1  0  0
 -0.0008818394767721929    7    2  0  0
 -0.0004584365290103146    7    3  0  0
 -0.0006912330615613748    7    4  0  0
 0.0001246572387337757    7    5  0  0
 2.969486435565446e-06    7    6  0  0
 -4.473254312224705    7    7  0  0
 0.0005578566975078606    8    1  0  0
 -0.6054194926277028    8    2  0  0
 -0.0007533372956055452    8    3  0  0
 0.0001881014907660762    8    4  0  0
 -4.127290188436144e-05    8    5  0  0
 0.002059033085570137    8    6  0  0
 0.002120781608847697    8    7  0  0
 -2.915815118099571    8    8  0  0
 0.2765432337680396    9    1  0  0
 0.0003161596381427836    9    2  0  0
 -0.72715885786638    9    3  0  0
 0.001243152960569877    9    4  0  0
 -0.0001482028287976949    9    5  0  0
 0.00039490866439727    9    6  0  0
 0.001109326083156928    9    7  0  0
 -0.000787712189496952    9    8  0  0
 -3.247778345822464    9    9  0  0
 -0.0008909027384651015   10    1  0  0
 -0.000259096977225577   10    2  0  0
 -0.001862160604795814   10    3  0  0
 -0.9631566111140345   10    4  0  0
 0.003236416642488646   10    5  0  0
 -0.0006514236316248238   10    6  0  0
 0.000248022517699082   10    7  0  0
 2.526574093797441e-05   10    8  0  0
 7.712311236489742e-05   10    9  0  0
 -3.518716015665428   10   10  0  0
 -77.43932730153415  0  0  0  0
