 &FCI NORB=  10,NELEC=10,MS2=0,
  ORBSYM=1,1,1,1,1,1,1,1,1,1,
  ISYM=1,
 &END
 0.7347080934855913    1    1    1    1
 0.03589249191964876    2    1    1    1
 0.02972834220833294    2    1    2    1
 0.6755069876315509    2    2    1    1
 0.03588271627905377    2    2    2    1
 0.7318188230343894    2    2    2    2
 -0.005417972563481726    3    1    1    1
 -0.0009874534093574131    3    1    2    1
 -0.003816579234115916    3    1    2    2
 0.02432266084251643    3    1    3    1
 0.01792097313277314    3    2    1    1
 0.0001512275700272015    3    2    2    1
 0.01506677439345435    3    2    2    2
 0.002762985965941342    3    2    3    1
 0.01741739596473407    3    2    3    2
 0.6052427875043741    3    3    1    1
 0.02334621020881265    3    3    2    1
 0.6199002263179789    3    3    2    2
 -0.003620803958509302    3    3    3    1
 0.01319715391132127    3    3    3    2
 0.588250683343297    3    3    3    3
 0.008406007100598727    4    1    1    1
 -0.001540326336681232    4    1    2    1
 0.01171883221570424    4    1    2    2
 -0.001240017655949778    4    1    3    1
 0.001307852701388586    4    1    3    2
 0.005456094702055197    4    1    3    3
 0.01664779262316635    4    1    4    1
 -0.009476740820585824    4    2    1    1
 -0.001924499738412953    4    2    2    1
 -0.01364513574291234    4    2    2    2
 0.00516303846112421    4    2    3    1
 -0.001219989735561003    4    2    3    2
 -0.01870822620525132    4    2    3    3
 0.002245744276383974    4    2    4    1
 0.02479382441801137    4    2    4    2
 0.02001870461842402    4    3    1    1
 -0.004399324457690795    4    3    2    1
 0.01894761887042619    4    3    2    2
 -0.0002165220949932877    4    3    3    1
 0.00441553977405184    4    3    3    2
 0.01646199787525625    4    3    3    3
 0.004363749718004742    4    3    4    1
 0.0002396875720234773    4    3    4    2
 0.02004709626444195    4    3    4    3
 0.6247308250520658    4    4    1    1
 0.02447800121405267    4    4    2    1
 0.6067011703767453    4    4    2    2
 -0.01178910221641402    4    4    3    1
 0.01005926128570235    4    4    3    2
 0.5487734663095064    4    4    3    3
 0.007354712920009374    4    4    4    1
 -0.01072476550871964    4    4    4    2
 0.01683213210262337    4    4    4    3
 0.592057568032185    4    4    4    4
 0.0007551046681985496    5    1    1    1
 -0.001144956870371025    5    1    2    1
 0.006074969464069901    5    1    2    2
 -0.0002891826867144869    5    1    3    1
 -0.0002235875515943948    5    1    3    2
 -0.004275036328970904    5    1    3    3
 0.004840129508693348    5    1    4    1
 0.007358304310700851    5    1    4    2
 0.003458466084983398    5    1    4    3
 0.001227860413963735    5    1    4    4
 0.02367815355742121    5    1    5    1
 -0.0009497149271818837    5    2    1    1
 -0.002572369849415757    5    2    2    1
 -0.003399155391276686    5    2    2    2
 0.007287974018722968    5    2    3    1
 0.004824756252664506    5    2    3    2
 0.001019883561102597    5    2    3    3
 -0.0005837673971342564    5    2    4    1
 -0.0008351834128518419    5    2    4    2
 0.003057624084031881    5    2    4    3
 -0.007502997920720688    5    2    4    4
 -0.002953913534138531    5    2    5    1
 0.02297240994559008    5    2    5    2
 0.02212418688490454    5    3    1    1
 -0.004889397125071839    5    3    2    1
 0.01148624235348027    5    3    2    2
 0.002223661138083054    5    3    3    1
 -0.0008707577741139124    5    3    3    2
 0.01832474104450188    5    3    3    3
 -0.002837125232111598    5    3    4    1
 0.0005559112343481584    5    3    4    2
 -0.0008222009841140877    5    3    4    3
 0.02168785665920292    5    3    4    4
 -0.004056413829782052    5    3    5    1
 0.001547084622839257    5    3    5    2
 0.02291387795662207    5    3    5    3
 0.007372270821879919    5    4    1    1
 -0.004864861743751597    5    4    2    1
 0.01888016737921806    5    4    2    2
 -0.0006527851755058151    5    4    3    1
 -0.004128919975896315    5    4    3    2
 0.01731981790387387    5    4    3    3
 0.0003343503800300715    5    4    4    1
 0.001931176048297961    5    4    4    2
 -0.001093686591659643    5    4    4    3
 0.01463218480352193    5    4    4    4
 0.002113734000430508    5    4    5    1
 -0.003927655954895607    5    4    5    2
 0.004388930585753618    5    4    5    3
 0.02335490467710463    5    4    5    4
 0.6746271197086049    5    5    1    1
 0.03838718793673001    5    5    2    1
 0.6746256417256369    5    5    2    2
 0.003211376443739935    5    5    3    1
 0.01129387352637828    5    5    3    2
 0.599505812715335    5    5    3    3
 0.004441822855105695    5    5    4    1
 -0.005468025282627883    5    5    4    2
 0.008798156291484274    5    5    4    3
 0.6003542973311234    5    5    4    4
 0.0006305618421163931    5    5    5    1
 -0.003106681374260566    5    5    5    2
 0.02203798905014763    5    5    5    3
 0.0177468275886244    5    5    5    4
 0.7069724621532311    5    5    5    5
 -0.0002082333642040079    6    1    1    1
 0.000217044840030039    6    1    2    1
 0.0005375638127930019    6    1    2    2
 -0.0004162325992588369    6    1    3    1
 -0.0001401638416835859    6    1    3    2
 0.0004233973222355034    6    1    3    3
 -6.519194155822971e-05    6    1    4    1
 -0.0001404984151193548    6    1    4    2
 -9.720846954978756e-05    6    1    4    3
 -7.913776397524686e-05    6    1    4    4
 0.0005240133436540466    6    1    5    1
 -0.0002748195309944638    6    1    5    2
 -0.0001795064336643561    6    1    5    3
 6.852757242102555e-05    6    1    5    4
 8.012933953172087e-05    6    1    5    5
 0.0004274786048530971    6    1    6    1
 0.00132415458810171    6    2    1    1
 0.000206479547483192    6    2    2    1
 0.0005205777015623313    6    2    2    2
 -0.0001726227935136591    6    2    3    1
 -1.596304958137246e-05    6    2    3    2
 0.0004863608671983897    6    2    3    3
 -9.670259245153843e-05    6    2    4    1
 -0.0003628726667005792    6    2    4    2
 -1.314610784397025e-07    6    2    4    3
 0.001257151264494824    6    2    4    4
 -0.0002841262920686276    6    2    5    1
 0.0004662115632007913    6    2    5    2
 0.0001309968402209711    6    2    5    3
 -9.773374382768497e-05    6    2    5    4
 0.0008376257791379966    6    2    5    5
 -0.0001984858354594835    6    2    6    1
 0.0005935380573671913    6    2    6    2
 -0.007316397556241723    6    3    1    1
 -0.0004744632510479379    6    3    2    1
 -0.006485686144913913    6    3    2    2
 0.0004414039443268836    6    3    3    1
 -0.0003850383200632929    6    3    3    2
 -0.005475846833987022    6    3    3    3
 -0.0003384058393610741    6    3    4    1
 4.351868741612271e-05    6    3    4    2
 -0.0008262969291224138    6    3    4    3
 -0.006257024126217495    6    3    4    4
 -0.0001168668677331066    6    3    5    1
 4.367981507641181e-06    6    3    5    2
 0.0001822545063367833    6    3    5    3
 -6.426215425869864e-05    6    3    5    4
 -0.006185747960173087    6    3    5    5
 0.0003175513299920151    6    3    6    1
 -0.0005201489287877844    6    3    6    2
 0.001167803549349163    6    3    6    3
 -0.006968599471023624    6    4    1    1
 -0.0004788484172006067    6    4    2    1
 -0.007630363360836574    6    4    2    2
 1.587681189092546e-05    6    4    3    1
 -0.0004423326833417795    6    4    3    2
 -0.006692028421359793    6    4    3    3
 -0.0002240875176503588    6    4    4    1
 0.000718812909054897    6    4    4    2
 -0.0007665554045303633    6    4    4    3
 -0.006028729529548898    6    4    4    4
 -4.753495777801538e-05    6    4    5    1
 -9.040380971250139e-05    6    4    5    2
 -0.0001025962583764486    6    4    5    3
 0.0003327717428638186    6    4    5    4
 -0.006614351317436086    6    4    5    5
 -0.0003357523220208637    6    4    6    1
 0.0004255894599159839    6    4    6    2
 -0.0005052066426591349    6    4    6    3
 0.001188047249424137    6    4    6    4
 0.01309356671612458    6    5    1    1
 0.0009575485085138928    6    5    2    1
 0.01296795661306761    6    5    2    2
 -0.0002134550928339469    6    5    3    1
 0.000531341989138099    6    5    3    2
 0.01092341136303114    6    5    3    3
 0.0002871963660314582    6    5    4    1
 -0.0004672112405473286    6    5    4    2
 0.0006345221770096915    6    5    4    3
 0.01101226395751146    6    5    4    4
 1.62932724795773e-05    6    5    5    1
 -3.461232349832717e-06    6    5    5    2
 0.0002590447706639986    6    5    5    3
 8.264736895671246e-05    6    5    5    4
 0.0131224064954441    6    5    5    5
 -2.650116596255888e-07    6    5    6    1
 7.856542884046851e-05    6    5    6    2
 -0.0003909530350958052    6    5    6    3
 -0.0003492928352113043    6    5    6    4
 0.001474925710185934    6    5    6    5
 0.1947673174592256    6    6    1    1
 0.000904234649765026    6    6    2    1
 0.1953854832326004    6    6    2    2
 0.001814259459826016    6    6    3    1
 -0.001951633235006597    6    6    3    2
 0.1878254919374322    6    6    3    3
 -0.001560030293205459    6    6    4    1
 0.001804739647120991    6    6    4    2
 -0.005344907840880599    6    6    4    3
 0.1882797673137172    6    6    4    4
 -0.0004517542790346509    6    6    5    1
 -0.0007787642301583186    6    6    5    2
 0.004381557951790922    6    6    5    3
 0.004466107843915845    6    6    5    4
 0.2009850247320607    6    6    5    5
 0.0002844172591826959    6    6    6    1
 0.001241745303056606    6    6    6    2
 -0.006277745636301791    6    6    6    3
 -0.005862871791700278    6    6    6    4
 0.01305805800839734    6    6    6    5
 0.7091207513709118    6    6    6    6
 -0.004988207422012775    7    1    1    1
 -1.79542765492239e-05    7    1    2    1
 -0.0042739742785918    7    1    2    2
 -0.0004565940211340797    7    1    3    1
 -0.0002243185008046494    7    1    3    2
 -0.003839023363464986    7    1    3    3
 0.0003943408652476863    7    1    4    1
 0.0001248699060674509    7    1    4    2
 -0.0002320518967303614    7    1    4    3
 -0.004008674923206245    7    1    4    4
 0.0003290303482733988    7    1    5    1
 -0.0003001881136405623    7    1    5    2
 -0.0005108510815007797    7    1    5    3
 -3.68417377320413e-05    7    1    5    4
 -0.004659742106620469    7    1    5    5
 4.391587655376902e-05    7    1    6    1
 -9.136437435693101e-05    7    1    6    2
 0.0001543527747841315    7    1    6    3
 7.517525485152871e-05    7    1    6    4
 -0.0002082499325102421    7    1    6    5
 -0.004206886458942938    7    1    6    6
 0.0004452465432756978    7    1    7    1
 0.003022185350094219    7    2    1    1
 -0.0001992544738654222    7    2    2    1
 0.003671356086106665    7    2    2    2
 0.0001864351949479955    7    2    3    1
 -6.420133142033985e-06    7    2    3    2
 0.002642786650446027    7    2    3    3
 0.0003191842568275596    7    2    4    1
 0.0007635487576751019    7    2    4    2
 0.0005221525837779908    7    2    4    3
 0.002290072121709118    7    2    4    4
 0.0004241105144772068    7    2    5    1
 0.000141383259565792    7    2    5    2
 0.0001422455301249986    7    2    5    3
 0.0004047629731707422    7    2    5    4
 0.003255480087254856    7    2    5    5
 4.460144867081302e-05    7    2    6    1
 -6.938401916363766e-05    7    2    6    2
 -5.901133170242432e-05    7    2    6    3
 -0.0002006340880851435    7    2    6    4
 0.0002208596620849661    7    2    6    5
 0.00238622716797774    7    2    6    6
 -7.387572862956947e-05    7    2    7    1
 0.0003872521733535839    7    2    7    2
 -0.004756482878403101    7    3    1    1
 -0.0005282306445316475    7    3    2    1
 -0.004612325500267994    7    3    2    2
 0.0001533277754079372    7    3    3    1
 -0.000121239737268601    7    3    3    2
 -0.004739968792667281    7    3    3    3
 -0.0001025562465234021    7    3    4    1
 0.0006215603547201152    7    3    4    2
 1.532603162268502e-05    7    3    4    3
 -0.003857236978077279    7    3    4    4
 0.0003559353579814548    7    3    5    1
 -1.387208579798887e-05    7    3    5    2
 -0.0001783920745053321    7    3    5    3
 -0.0001899592004076296    7    3    5    4
 -0.00479346753564002    7    3    5    5
 5.149471862887491e-05    7    3    6    1
 -0.0001718514075658479    7    3    6    2
 0.0004391687079439314    7    3    6    3
 5.314044410958528e-05    7    3    6    4
 -0.0004579246243660413    7    3    6    5
 -0.005278872459208521    7    3    6    6
 0.0001905380164375361    7    3    7    1
 -0.0002911658758659407    7    3    7    2
 0.0009119353723464726    7    3    7    3
 0.01347427477495521    7    4    1    1
 0.0008508635809565704    7    4    2    1
 0.01408372800513251    7    4    2    2
 -0.0006366590036353198    7    4    3    1
 0.0004969691825362033    7    4    3    2
 0.01209560513902401    7    4    3    3
 0.0002958428710888872    7    4    4    1
 -0.0008245719319657694    7    4    4    2
 0.0008681727212184641    7    4    4    3
 0.01272212585183688    7    4    4    4
 0.0001457985875579361    7    4    5    1
 -0.0004467622211476723    7    4    5    2
 0.0006129121015451179    7    4    5    3
 0.0007133463275194016    7    4    5    4
 0.01333612361562005    7    4    5    5
 0.0001975968390062074    7    4    6    1
 -0.0001734988804971524    7    4    6    2
 -3.524641454445797e-05    7    4    6    3
 -0.001029280140928536    7    4    6    4
 0.000942436305382471    7    4    6    5
 0.0133920121499541    7    4    6    6
 -0.0002813428481600641    7    4    7    1
 0.0006029472002084805    7    4    7    2
 -0.0007811936099513479    7    4    7    3
 0.002497685404590317    7    4    7    4
 0.003325552330634983    7    5    1    1
 0.00016428065966791    7    5    2    1
 0.005160672177589933    7    5    2    2
 0.0002284061665238742    7    5    3    1
 1.612050613606646e-05    7    5    3    2
 0.004722017816943468    7    5    3    3
 9.686935166508331e-05    7    5    4    1
 -0.0004497718087238824    7    5    4    2
 0.0001007943087088734    7    5    4    3
 0.002835587795694163    7    5    4    4
 -7.661408886915046e-05    7    5    5    1
 5.113416157523167e-05    7    5    5    2
 -9.641844690544761e-06    7    5    5    3
 0.0007721891411578758    7    5    5    4
 0.004577902380334069    7    5    5    5
 0.000301402274473536    7    5    6    1
 -0.0004351498701354425    7    5    6    2
 0.0005434520236006214    7    5    6    3
 -0.0007592899006653503    7    5    6    4
 0.0002579467825432445    7    5    6    5
 0.004265824003650479    7    5    6    6
 2.764131867515158e-05    7    5    7    1
 0.000218394973800229    7    5    7    2
 5.924900186129119e-05    7    5    7    3
 0.001039683291549543    7    5    7    4
 0.001545169901744948    7    5    7    5
 -0.002347108300625057    7    6    1    1
 -1.066945672019073e-05    7    6    2    1
 -0.002670554173120956    7    6    2    2
 -3.480791424423073e-06    7    6    3    1
 3.981039148520332e-05    7    6    3    2
 -0.002436825802147158    7    6    3    3
 3.729571878091147e-07    7    6    4    1
 2.788283542223351e-05    7    6    4    2
 4.540677678919346e-05    7    6    4    3
 -0.00230367123963917    7    6    4    4
 -6.012358679441928e-05    7    6    5    1
 0.0001110159708830451    7    6    5    2
 -0.0001033653370673498    7    6    5    3
 -0.0001164559012732731    7    6    5    4
 -0.002529031733044794    7    6    5    5
 -0.0001225579745405958    7    6    6    1
 -4.582463818445357e-05    7    6    6    2
 -3.725096876048742e-05    7    6    6    3
 0.0007800473999940183    7    6    6    4
 -0.0001585991883720064    7    6    6    5
 -0.01357258279808002    7    6    6    6
 0.0001023432510803563    7    6    7    1
 -0.0001612947190310662    7    6    7    2
 -2.398992723964682e-05    7    6    7    3
 -0.0007066823217825195    7    6    7    4
 0.0002546086796505514    7    6    7    5
 0.01997060403613696    7    6    7    6
 0.1864894555126694    7    7    1    1
 0.0008802225785273226    7    7    2    1
 0.1855176377412197    7    7    2    2
 0.001364349550742162    7    7    3    1
 -0.001788640729724367    7    7    3    2
 0.1783679447538167    7    7    3    3
 -0.00141014066724172    7    7    4    1
 0.0021281515496344    7    7    4    2
 -0.005113961144278315    7    7    4    3
 0.1809507186645505    7    7    4    4
 -0.0004133705883520615    7    7    5    1
 -0.0007013118296779342    7    7    5    2
 0.004187173017551657    7    7    5    3
 0.004164173979426693    7    7    5    4
 0.1912183838499082    7    7    5    5
 -2.354259472022982e-05    7    7    6    1
 0.001478270439420626    7    7    6    2
 -0.005654175437184829    7    7    6    3
 -0.004120538972442201    7    7    6    4
 0.01048738213509748    7    7    6    5
 0.5948929024930205    7    7    6    6
 -0.003681987587708508    7    7    7    1
 0.001953672129200894    7    7    7    2
 -0.005073368004563782    7    7    7    3
 0.01169354318155375    7    7    7    4
 0.003280812054233169    7    7    7    5
 -0.01097351009544149    7    7    7    6
 0.5672438297818383    7    7    7    7
 -0.0008754483934422567    8    1    1    1
 -0.0005294197750594614    8    1    2    1
 -0.001258897792750789    8    1    2    2
 0.0008316660900034597    8    1    3    1
 0.0002140843863709263    8    1    3    2
 -0.001353767663293872    8    1    3    3
 0.0001129960676402095    8    1    4    1
 0.0004326527912977818    8    1    4    2
 0.0002901741411021921    8    1    4    3
 -0.0009949371722579401    8    1    4    4
 0.0003395567366159842    8    1    5    1
 0.0002753416714360678    8    1    5    2
 0.000156431420267458    8    1    5    3
 7.83253194871219e-06    8    1    5    4
 -0.0009608062727061598    8    1    5    5
 -0.0001292310350193751    8    1    6    1
 9.073586549897326e-05    8    1    6    2
 -0.0001571922806296896    8    1    6    3
 0.0001678837600966689    8    1    6    4
 -1.880669131144625e-05    8    1    6    5
 -0.001514356962183597    8    1    6    6
 -3.268633212492457e-05    8    1    7    1
 3.032347952094832e-05    8    1    7    2
 -0.0001262041301226369    8    1    7    3
 -0.0001233961981986852    8    1    7    4
 -0.0002175606447640297    8    1    7    5
 4.230224816348605e-05    8    1    7    6
 -0.001367239487547821    8    1    7    7
 0.0001932123304183191    8    1    8    1
 -0.005873644779702154    8    2    1    1
 -0.0004455030665729611    8    2    2    1
 -0.006065951754737648    8    2    2    2
 0.0003941419346421481    8    2    3    1
 0.0002797320875407344    8    2    3    2
 -0.004901196302887006    8    2    3    3
 -6.481973115106193e-05    8    2    4    1
 0.0001999217938983343    8    2    4    2
 -0.0001349103429208326    8    2    4    3
 -0.005341689484367557    8    2    4    4
 -0.0001251561506728974    8    2    5    1
 0.0004981175911498848    8    2    5    2
 -0.0001785571705549916    8    2    5    3
 -0.0003699598284413402    8    2    5    4
 -0.005782558366907089    8    2    5    5
 2.833981006014838e-05    8    2    6    1
 -0.0001595572143345849    8    2    6    2
 0.0003197882746660552    8    2    6    3
 -2.296312261790531e-06    8    2    6    4
 -0.0003048641573613564    8    2    6    5
 -0.006145129890009216    8    2    6    6
 0.0001161606650755651    8    2    7    1
 -0.0001710102438741232    8    2    7    2
 0.0002682521083561769    8    2    7    3
 -0.0002912369227748199    8    2    7    4
 4.887029131569303e-05    8    2    7    5
 0.0002977435569076664    8    2    7    6
 -0.005245768176453355    8    2    7    7
 -3.461335813722242e-05    8    2    8    1
 0.000426842218416769    8    2    8    2
 0.01415656058024179    8    3    1    1
 0.0007049080099062168    8    3    2    1
 0.01317540233103793    8    3    2    2
 -0.0005578228094570395    8    3    3    1
 0.000484754508227114    8    3    3    2
 0.01213462437138326    8    3    3    3
 0.0003281690219985168    8    3    4    1
 -0.0005732353626477636    8    3    4    2
 0.001037613992054518    8    3    4    3
 0.01230717403517089    8    3    4    4
 -0.0002033614501449188    8    3    5    1
 -6.675593270105034e-06    8    3    5    2
 0.0009625064058275531    8    3    5    3
 0.0004544703866043353    8    3    5    4
 0.01312085909210648    8    3    5    5
 -0.0001943119514900933    8    3    6    1
 0.00041047095158865    8    3    6    2
 -0.00099369973630358    8    3    6    3
 2.465806465974695e-05    8    3    6    4
 0.0008702272457136543    8    3    6    5
 0.01324624547774637    8    3    6    6
 -0.000388613708436557    8    3    7    1
 0.0002140574875251343    8    3    7    2
 -0.0009860542312200139    8    3    7    3
 0.0007895175230329247    8    3    7    4
 -0.0003069264335953211    8    3    7    5
 -0.000339218041311632    8    3    7    6
 0.01149583313506141    8    3    7    7
 0.0001797361065346435    8    3    8    1
 -0.0005678552608371215    8    3    8    2
 0.001932985515131374    8    3    8    3
 0.003765168224514713    8    4    1    1
 3.749923080338531e-06    8    4    2    1
 0.004285955154974861    8    4    2    2
 0.0001429875061018606    8    4    3    1
 0.0001077117832921109    8    4    3    2
 0.004017131988192896    8    4    3    3
 0.0001164566558769898    8    4    4    1
 -0.0003671091367043831    8    4    4    2
 0.0005371074703358507    8    4    4    3
 0.003131556746291766    8    4    4    4
 -7.784447414880634e-06    8    4    5    1
 0.0001680421107845426    8    4    5    2
 8.390008684055933e-05    8    4    5    3
 0.0003326735712683406    8    4    5    4
 0.003671578536402709    8    4    5    5
 9.381146496008436e-05    8    4    6    1
 -0.0001143768065028695    8    4    6    2
 9.897143875835473e-05    8    4    6    3
 -0.000262250556801299    8    4    6    4
 0.0001145951251458911    8    4    6    5
 0.003862622814461962    8    4    6    6
 1.619307572017349e-05    8    4    7    1
 2.503301725193822e-05    8    4    7    2
 0.0001385781746590432    8    4    7    3
 0.0001922101158738762    8    4    7    4
 0.0002904059040807762    8    4    7    5
 -0.0001088468830447802    8    4    7    6
 0.003777230274724278    8    4    7    7
 -0.0001314580641922775    8    4    8    1
 -1.029146086095688e-05    8    4    8    2
 -0.0001719069205378297    8    4    8    3
 0.0003623383800400635    8    4    8    4
 0.007156279196837634    8    5    1    1
 0.0002954029433410221    8    5    2    1
 0.006300288184403553    8    5    2    2
 -0.0001526861044708546    8    5    3    1
 0.0001118430290323744    8    5    3    2
 0.005527276711705628    8    5    3    3
 2.908145113851663e-05    8    5    4    1
 3.453105293162256e-05    8    5    4    2
 0.0001762112109079755    8    5    4    3
 0.006429440912564159    8    5    4    4
 -0.0001177434141886841    8    5    5    1
 -0.0002756808754118357    8    5    5    2
 0.0009819234526305485    8    5    5    3
 0.000514817317966519    8    5    5    4
 0.007236411152516409    8    5    5    5
 -0.0001498037465755027    8    5    6    1
 0.0002336357012406486    8    5    6    2
 -0.0004637975169719355    8    5    6    3
 0.0001257631409401958    8    5    6    4
 0.0004508973214502206    8    5    6    5
 0.007902022256609322    8    5    6    6
 -0.0001956626287769749    8    5    7    1
 7.000969085692909e-05    8    5    7    2
 -0.0004035245646847553    8    5    7    3
 0.000355692218878426    8    5    7    4
 -0.0003704303122331798    8    5    7    5
 -0.0001189130301596695    8    5    7    6
 0.007138048748757226    8    5    7    7
 6.878354589221073e-05    8    5    8    1
 -0.0002912878034371814    8    5    8    2
 0.0008744972476657914    8    5    8    3
 -1.304157377648791e-06    8    5    8    4
 0.0008185245480220088    8    5    8    5
 -0.005587397374896901    8    6    1    1
 -3.202133708640855e-05    8    6    2    1
 -0.005517366710697605    8    6    2    2
 -5.687936197925366e-05    8    6    3    1
 8.066931861384226e-05    8    6    3    2
 -0.00522994965884914    8    6    3    3
 8.13971804615827e-05    8    6    4    1
 -2.381862230736138e-05    8    6    4    2
 0.0001266643697336887    8    6    4    3
 -0.005268146167152901    8    6    4    4
 9.026744803753952e-05    8    6    5    1
 1.745912430222169e-05    8    6    5    2
 -0.0002531749569436088    8    6    5    3
 -0.0002491974269293546    8    6    5    4
 -0.005685665539576289    8    6    5    5
 -0.000165248585709409    8    6    6    1
 -0.0003084551176996439    8    6    6    2
 0.0009628564220688012    8    6    6    3
 0.0005498137567635523    8    6    6    4
 -0.0001905854706515344    8    6    6    5
 -0.02461324679320127    8    6    6    6
 0.0004444552789886001    8    6    7    1
 -0.0001630950473072559    8    6    7    2
 0.0003362140679435493    8    6    7    3
 -0.0007267200197374751    8    6    7    4
 -0.0001074931607099376    8    6    7    5
 0.003249876826474149    8    6    7    6
 -0.02340215498179795    8    6    7    7
 7.750848931383762e-05    8    6    8    1
 0.0004306898977195992    8    6    8    2
 -0.0009096224618643823    8    6    8    3
 -0.0003191108251102943    8    6    8    4
 0.0002660277600309159    8    6    8    5
 0.02613573742663931    8    6    8    6
 -0.003595552656625951    8    7    1    1
 -9.147422426950654e-05    8    7    2    1
 -0.004688292668572494    8    7    2    2
 -0.0004142633596498035    8    7    3    1
 0.0001721333047839204    8    7    3    2
 -0.004805134634286051    8    7    3    3
 0.0001214696168571112    8    7    4    1
 6.422141642197579e-05    8    7    4    2
 0.0004031088587194744    8    7    4    3
 -0.003353982664401399    8    7    4    4
 -5.449563703871289e-05    8    7    5    1
 -2.443597351901064e-05    8    7    5    2
 -1.650153215101724e-05    8    7    5    3
 -0.0001052810730544302    8    7    5    4
 -0.004445812485484758    8    7    5    5
 -0.0002072725962648613    8    7    6    1
 0.0003557920132071999    8    7    6    2
 -0.0005362152686745056    8    7    6    3
 0.0003501205444413843    8    7    6    4
 0.000475998612086664    8    7    6    5
 0.00586960856999026    8    7    6    6
 -1.369848465472271e-05    8    7    7    1
 -6.819163643923996e-05    8    7    7    2
 -0.0002307496522027969    8    7    7    3
 0.0005942182545639615    8    7    7    4
 0.0001458975690105078    8    7    7    5
 0.00150560945682102    8    7    7    6
 0.0120075838026762    8    7    7    7
 -4.702804601974718e-05    8    7    8    1
 -2.957176253691919e-05    8    7    8    2
 0.0006311730619502627    8    7    8    3
 0.0007115523248399985    8    7    8    4
 0.0008888830212621848    8    7    8    5
 0.0008221367472704864    8    7    8    6
 0.02006018478828795    8    7    8    7
 0.1789574889284714    8    8    1    1
 0.0006295410073425238    8    8    2    1
 0.1808662803836282    8    8    2    2
 0.001658350316366473    8    8    3    1
 -0.001659904400461457    8    8    3    2
 0.1746477364840865    8    8    3    3
 -0.001249948208059934    8    8    4    1
 0.00097457132460571    8    8    4    2
 -0.004666175491072294    8    8    4    3
 0.1730342619308031    8    8    4    4
 -0.0004034866863874339    8    8    5    1
 -0.0006716239938039029    8    8    5    2
 0.003932033813030237    8    8    5    3
 0.004073767508006846    8    8    5    4
 0.1848093772343225    8    8    5    5
 0.0005825835282909703    8    8    6    1
 0.000721299803523917    8    8    6    2
 -0.004677124665691096    8    8    6    3
 -0.005526971039367124    8    8    6    4
 0.01127269530233043    8    8    6    5
 0.6064044942144887    8    8    6    6
 -0.003413734582964699    8    8    7    1
 0.001926314259658522    8    8    7    2
 -0.00442581052972487    8    8    7    3
 0.01292044388963368    8    8    7    4
 0.004702405831649477    8    8    7    5
 -0.01402931100216768    8    8    7    6
 0.5481956466878223    8    8    7    7
 -0.001633551447583154    8    8    8    1
 -0.005764474657338871    8    8    8    2
 0.01328873163619467    8    8    8    3
 0.003650803103276482    8    8    8    4
 0.007984524763688401    8    8    8    5
 -0.02081040719384383    8    8    8    6
 0.01155071886818601    8    8    8    7
 0.6119525195821138    8    8    8    8
 -0.0115023156097663    9    1    1    1
 -0.0003877334657132247    9    1    2    1
 -0.01093287959568299    9    1    2    2
 2.705152139612736e-05    9    1    3    1
 -0.0005473456128496457    9    1    3    2
 -0.009770989456543974    9    1    3    3
 -0.0001675663590147496    9    1    4    1
 0.0006741571601203267    9    1    4    2
 -0.0008936270322459874    9    1    4    3
 -0.009094408505652208    9    1    4    4
 0.0001265126825346189    9    1    5    1
 -0.0001752604769905863    9    1    5    2
 -0.0005415371390040712    9    1    5    3
 -0.0002054697212745125    9    1    5    4
 -0.01047006409138782    9    1    5    5
 -0.000199105002084886    9    1    6    1
 0.0001612569581281691    9    1    6    2
 7.704320067425325e-06    9    1    6    3
 0.0007572747551092723    9    1    6    4
 -0.0007983226403690749    9    1    6    5
 -0.01005183893123085    9    1    6    6
 0.0002458786548783081    9    1    7    1
 -0.0003556936338388411    9    1    7    2
 0.0004726532938988004    9    1    7    3
 -0.001434460024322482    9    1    7    4
 -0.0007513377034612205    9    1    7    5
 0.0001798176452409445    9    1    7    6
 -0.00814960149536827    9    1    7    7
 0.000121957581987515    9    1    8    1
 0.0001945167282791201    9    1    8    2
 -0.0005988429391694287    9    1    8    3
 -0.0001777783399159918    9    1    8    4
 -0.0002467302808703345    9    1    8    5
 0.0005578350681898007    9    1    8    6
 -0.0004636302010475363    9    1    8    7
 -0.009876393650732706    9    1    8    8
 0.001414291986722674    9    1    9    1
 0.005971260610773741    9    2    1    1
 -0.0003116911133097717    9    2    2    1
 0.006747572955002667    9    2    2    2
 3.526539212765642e-05    9    2    3    1
 0.0002806973219254375    9    2    3    2
 0.005410186958143597    9    2    3    3
 0.0003308222404826363    9    2    4    1
 0.0002104579089233638    9    2    4    2
 0.0005441994105660294    9    2    4    3
 0.005125691622695273    9    2    4    4
 0.0002600495913801192    9    2    5    1
 4.15352770232975e-05    9    2    5    2
 0.0003085658581309004    9    2    5    3
 0.0004087353401117756    9    2    5    4
 0.005927009256564915    9    2    5    5
 4.357184700662696e-05    9    2    6    1
 -1.725340815151842e-06    9    2    6    2
 -0.0001937717709223166    9    2    6    3
 -0.0001844140108695585    9    2    6    4
 0.0002911568033198196    9    2    6    5
 0.005996084711892059    9    2    6    6
 -0.0001183876086634109    9    2    7    1
 0.0002109636909142904    9    2    7    2
 -0.0002403283328615295    9    2    7    3
 0.0004912563869826293    9    2    7    4
 0.0001629167590689335    9    2    7    5
 -0.0001417352037853482    9    2    7    6
 0.00507643313075861    9    2    7    7
 9.004445019713255e-06    9    2    8    1
 -0.0002263158090919725    9    2    8    2
 0.0004326403330117982    9    2    8    3
 9.917768357739977e-05    9    2    8    4
 0.0002177251502501977    9    2    8    5
 -0.0004953641245975981    9    2    8    6
 0.0004923695053824419    9    2    8    7
 0.005544647404337737    9    2    8    8
 -0.000412337581564236    9    2    9    1
 0.0003451645470057159    9    2    9    2
 7.023796866620608e-05    9    3    1    1
 -7.234115230131307e-05    9    3    2    1
 0.0003624943048482343    9    3    2    2
 -0.0003410684662073817    9    3    3    1
 0.0001375037727408842    9    3    3    2
 3.894998495480327e-05    9    3    3    3
 -1.446445096839848e-05    9    3    4    1
 4.921116416804121e-05    9    3    4    2
 0.0001158809975254157    9    3    4    3
 8.559240942653868e-05    9    3    4    4
 0.0001914634779337258    9    3    5    1
 -6.642910198838694e-05    9    3    5    2
 -8.103887352126024e-05    9    3    5    3
 1.877378630654595e-05    9    3    5    4
 -0.0001256859582990886    9    3    5    5
 4.576987115857297e-05    9    3    6    1
 -0.0001019567621646563    9    3    6    2
 0.0001972204505087422    9    3    6    3
 -0.0001130804299976819    9    3    6    4
 -0.0001113906340387    9    3    6    5
 -0.001073744577382304    9    3    6    6
 9.739391055275778e-05    9    3    7    1
 -6.835602386220114e-05    9    3    7    2
 0.000329213792569442    9    3    7    3
 -0.0001006775739016446    9    3    7    4
 0.000123984887319381    9    3    7    5
 -3.424488136526127e-05    9    3    7    6
 -0.0004868383249219407    9    3    7    7
 -0.0001146308220053721    9    3    8    1
 0.0001108350215986205    9    3    8    2
 -0.0003893916735467626    9    3    8    3
 0.0001145460646789006    9    3    8    4
 -0.0001620977304187881    9    3    8    5
 0.0002875990302367167    9    3    8    6
 -0.0005044612200929297    9    3    8    7
 -0.0006157789980736898    9    3    8    8
 8.15863440517288e-05    9    3    9    1
 -0.0001179510469979875    9    3    9    2
 0.0003031373753792978    9    3    9    3
 0.006535720952795485    9    4    1    1
 0.0004562181258627708    9    4    2    1
 0.006318459647735609    9    4    2    2
 -0.0002076563397371346    9    4    3    1
 0.0001520460756739389    9    4    3    2
 0.005569838706003524    9    4    3    3
 -0.0001653530773212839    9    4    4    1
 -8.483860443241298e-05    9    4    4    2
 0.0001557725617581095    9    4    4    3
 0.005938230176492407    9    4    4    4
 -6.432391282689469e-05    9    4    5    1
 -0.0001812333812682364    9    4    5    2
 0.000476878297838213    9    4    5    3
 0.0002962863830728058    9    4    5    4
 0.006462262800756563    9    4    5    5
 0.0001219164844473987    9    4    6    1
 -4.605677775852988e-05    9    4    6    2
 -0.000116427079037964    9    4    6    3
 -0.0002911511849364252    9    4    6    4
 0.000354621364773814    9    4    6    5
 0.006694421761381767    9    4    6    6
 -0.0001789242725022533    9    4    7    1
 0.0001794665747016295    9    4    7    2
 -0.0002713596126433389    9    4    7    3
 0.0006809392460185987    9    4    7    4
 0.0002941145578929656    9    4    7    5
 -2.14120501557799e-05    9    4    7    6
 0.005496840240138919    9    4    7    7
 -3.578292650630373e-05    9    4    8    1
 -0.0001417854134207332    9    4    8    2
 0.0003999388941407893    9    4    8    3
 9.569716489678874e-05    9    4    8    4
 0.0001627842306759081    9    4    8    5
 -0.0005494381457259098    9    4    8    6
 0.0001344034873346315    9    4    8    7
 0.006097349524270787    9    4    8    8
 -0.000523271594872091    9    4    9    1
 0.0002859672588434225    9    4    9    2
 -0.0001203676368628355    9    4    9    3
 0.0005314392606287494    9    4    9    4
 0.0002896903223896057    9    5    1    1
 -7.180801342516705e-05    9    5    2    1
 0.001053080281053468    9    5    2    2
 0.0002455771357775773    9    5    3    1
 4.130189973697534e-05    9    5    3    2
 0.001297237029600228    9    5    3    3
 -6.049648406856288e-05    9    5    4    1
 -0.0003289159302665112    9    5    4    2
 2.501968239852114e-05    9    5    4    3
 0.0002486069342153872    9    5    4    4
 -0.0004258251756860824    9    5    5    1
 0.000313609380059965    9    5    5    2
 0.0001261762546951424    9    5    5    3
 0.0002513210087888467    9    5    5    4
 0.000840399944518045    9    5    5    5
 0.000138400875723471    9    5    6    1
 -0.000190991128998439    9    5    6    2
 0.0003367307725648965    9    5    6    3
 -0.0003662416695230304    9    5    6    4
 3.201139671201514e-05    9    5    6    5
 0.0008474268851837991    9    5    6    6
 -5.468001032126242e-05    9    5    7    1
 6.993127557862512e-05    9    5    7    2
 6.860643814815616e-05    9    5    7    3
 0.0004027698132783433    9    5    7    4
 0.0006388366688558629    9    5    7    5
 -0.0001325271481471421    9    5    7    6
 0.0005416723218353711    9    5    7    7
 -0.0001176334626604391    9    5    8    1
 8.196244821595164e-05    9    5    8    2
 -0.0002174634629774817    9    5    8    3
 0.0001036743575466639    9    5    8    4
 -0.0002353527538844936    9    5    8    5
 4.782471591490052e-05    9    5    8    6
 -0.000243912678905289    9    5    8    7
 0.001145569489766603    9    5    8    8
 -0.0003501723798632249    9    5    9    1
 1.009738966630186e-05    9    5    9    2
 0.0001329916812213669    9    5    9    3
 0.0001178976857971643    9    5    9    4
 0.0005972436290204344    9    5    9    5
 -0.0008124186238229962    9    6    1    1
 8.075029814475012e-06    9    6    2    1
 -0.0008457074669982494    9    6    2    2
 -9.19411686836058e-05    9    6    3    1
 -2.801613473825364e-05    9    6    3    2
 -0.00081016572669494    9    6    3    3
 7.469201856668036e-05    9    6    4    1
 2.65030786300637e-05    9    6    4    2
 1.93867954385735e-06    9    6    4    3
 -0.0007295629418018227    9    6    4    4
 -1.665858168635646e-05    9    6    5    1
 -0.0001031209211423736    9    6    5    2
 -0.0001076154649317964    9    6    5    3
 1.957508530166354e-05    9    6    5    4
 -0.000871796673047964    9    6    5    5
 -0.0004299352674295713    9    6    6    1
 0.0003232832498633437    9    6    6    2
 1.649280458819814e-05    9    6    6    3
 0.0002921291266652757    9    6    6    4
 3.711679450193157e-05    9    6    6    5
 -0.001971997625096974    9    6    6    6
 0.0001249309960510498    9    6    7    1
 1.264553317321753e-06    9    6    7    2
 8.399354422489984e-05    9    6    7    3
 -4.509691486231302e-05    9    6    7    4
 -1.804342752539892e-05    9    6    7    5
 -0.002600704715122192    9    6    7    6
 -0.000615721540941472    9    6    7    7
 -6.960941434036034e-05    9    6    8    1
 0.00017344172054538    9    6    8    2
 -0.0003001830776970791    9    6    8    3
 0.0002890484444854548    9    6    8    4
 0.0001344528065682846    9    6    8    5
 0.003066297166728038    9    6    8    6
 0.005361936003690333    9    6    8    7
 -0.003768446601971273    9    6    8    8
 0.0001620369393509435    9    6    9    1
 7.583414873044288e-05    9    6    9    2
 -0.0002840283098455802    9    6    9    3
 -0.0004324956575588956    9    6    9    4
 0.0004507960539907761    9    6    9    5
 0.0230815313886333    9    6    9    6
 0.002106864944617164    9    7    1    1
 5.982233406924568e-05    9    7    2    1
 0.002240815428495247    9    7    2    2
 0.0002718898188510969    9    7    3    1
 -0.0001029779370890288    9    7    3    2
 0.002253854236356132    9    7    3    3
 -0.0002252886763941546    9    7    4    1
 0.0001371047615696606    9    7    4    2
 -0.0002562425004530464    9    7    4    3
 0.00199076599040582    9    7    4    4
 -7.131431663838038e-05    9    7    5    1
 4.293178685549434e-05    9    7    5    2
 5.100061583776696e-05    9    7    5    3
 6.587973265273678e-05    9    7    5    4
 0.002412652625736002    9    7    5    5
 0.0001591767518547007    9    7    6    1
 -0.0001675905170282881    9    7    6    2
 0.0001766238306225472    9    7    6    3
 5.963891030229002e-05    9    7    6    4
 -0.0006887031003708973    9    7    6    5
 -0.01408170219823454    9    7    6    6
 -0.0001256312622619105    9    7    7    1
 4.489332665888821e-05    9    7    7    2
 0.0003795502872082684    9    7    7    3
 -0.0007046652259019344    9    7    7    4
 -0.0001861962147689485    9    7    7    5
 0.000369422105756196    9    7    7    6
 -0.01653157948889989    9    7    7    7
 6.214331731067432e-05    9    7    8    1
 0.0002149922642975128    9    7    8    2
 -0.0007541147579038853    9    7    8    3
 -0.0002011255383312052    9    7    8    4
 -0.0007476635563665172    9    7    8    5
 -0.004683015820597725    9    7    8    6
 -0.004928992386705811    9    7    8    7
 -0.01696974845634362    9    7    8    8
 0.0004712303172902638    9    7    9    1
 -0.0002054965322815098    9    7    9    2
 -0.0001929929710011872    9    7    9    3
 0.0002473110742406881    9    7    9    4
 -6.462875776797359e-05    9    7    9    5
 -0.004809124488192615    9    7    9    6
 0.0189375575065024    9    7    9    7
 -0.0002907361801197916    9    8    1    1
 -1.130010088804343e-05    9    8    2    1
 -0.0011237125272576    9    8    2    2
 -0.0003282109827421322    9    8    3    1
 0.0001289376157168584    9    8    3    2
 -0.001256725852459888    9    8    3    3
 8.214385450974171e-05    9    8    4    1
 6.672988152336458e-05    9    8    4    2
 0.0002251402631151668    9    8    4    3
 -0.0002379156954289397    9    8    4    4
 1.947558016164106e-05    9    8    5    1
 -2.172139205704795e-05    9    8    5    2
 6.038099272577523e-05    9    8    5    3
 2.499995440852212e-06    9    8    5    4
 -0.0009013126344950047    9    8    5    5
 -0.0002056886503623594    9    8    6    1
 0.0003059670544276979    9    8    6    2
 -0.0003741594768554341    9    8    6    3
 0.0001825831718536937    9    8    6    4
 0.0003210513556481498    9    8    6    5
 0.003178434177374192    9    8    6    6
 -0.0001454883431410257    9    8    7    1
 0.0001116083735375482    9    8    7    2
 -0.0006575498816693099    9    8    7    3
 0.0005126746901969085    9    8    7    4
 -0.000226635742006443    9    8    7    5
 -2.779904729898332e-05    9    8    7    6
 0.01488590673062852    9    8    7    7
 -0.0003674462450507213    9    8    8    1
 -1.786454468077288e-05    9    8    8    2
 0.0005878922113535143    9    8    8    3
 0.0002733761892392605    9    8    8    4
 0.0004980608730496637    9    8    8    5
 0.0004358346657461527    9    8    8    6
 0.0005560144080212947    9    8    8    7
 0.007783630669983132    9    8    8    8
 -9.659216967205656e-05    9    8    9    1
 -0.0002813975244003675    9    8    9    2
 0.000766288913011255    9    8    9    3
 6.615391679277008e-05    9    8    9    4
 0.0003107650823376701    9    8    9    5
 -0.0007807053588212349    9    8    9    6
 -0.003200477286125771    9    8    9    7
 0.02342600211195753    9    8    9    8
 0.1908085822180663    9    9    1    1
 0.0006208230797158259    9    9    2    1
 0.1894836194742115    9    9    2    2
 0.001398253387603902    9    9    3    1
 -0.00170458741570261    9    9    3    2
 0.1822715684150003    9    9    3    3
 -0.001525982304332755    9    9    4    1
 0.001920685869609989    9    9    4    2
 -0.005012952085889132    9    9    4    3
 0.1843534150972772    9    9    4    4
 -0.0006052733527468698    9    9    5    1
 -0.0007415177919371723    9    9    5    2
 0.004477213909872691    9    9    5    3
 0.004270121625244035    9    9    5    4
 0.1954585397042254    9    9    5    5
 2.340793580794902e-05    9    9    6    1
 0.001422069436604793    9    9    6    2
 -0.006501142519825399    9    9    6    3
 -0.004756717142255558    9    9    6    4
 0.01290175830348633    9    9    6    5
 0.6754740133608487    9    9    6    6
 -0.004134705262581887    9    9    7    1
 0.001885051421784273    9    9    7    2
 -0.005399140491714575    9    9    7    3
 0.01323934642712685    9    9    7    4
 0.004229088495724483    9    9    7    5
 -0.003271510649841508    9    9    7    6
 0.6065703100900792    9    9    7    7
 -0.001673381349716657    9    9    8    1
 -0.006148748254871684    9    9    8    2
 0.01413041521778367    9    9    8    3
 0.004144844122457705    9    9    8    4
 0.008893579253490103    9    9    8    5
 -0.02226332877725908    9    9    8    6
 0.0178972629252331    9    9    8    7
 0.6195403216913333    9    9    8    8
 -0.01102972144610025    9    9    9    1
 0.006797046977707452    9    9    9    2
 -0.00138740355442178    9    9    9    3
 0.007142584126936294    9    9    9    4
 0.0005017648435028645    9    9    9    5
 -0.00230709754523026    9    9    9    6
 -0.0200167848378683    9    9    9    7
 0.009456216730577154    9    9    9    8
 0.7320200897731021    9    9    9    9
 0.006076005329080413   10    1    1    1
 -0.0002964569521981987   10    1    2    1
 0.005316511164679166   10    1    2    2
 0.0001867015335761182   10    1    3    1
 0.0003265008425955436   10    1    3    2
 0.004681325730280814   10    1    3    3
 0.0002004101869543435   10    1    4    1
 -5.17565209861191e-05   10    1    4    2
 0.0004758577374158419   10    1    4    3
 0.00488407395469183   10    1    4    4
 4.404801885625598e-05   10    1    5    1
 0.00014893926597032   10    1    5    2
 0.0004110197344545514   10    1    5    3
 0.0002068345083830337   10    1    5    4
 0.005285398061591962   10    1    5    5
 -7.268973613074236e-06   10    1    6    1
 5.713319013566025e-05   10    1    6    2
 -0.0001509321393225768   10    1    6    3
 -0.0001917720549685538   10    1    6    4
 0.0002665240414193424   10    1    6    5
 0.005374331040130949   10    1    6    6
 -0.0001819867561292946   10    1    7    1
 0.0001121975570919393   10    1    7    2
 -0.0001742711266344945   10    1    7    3
 0.0004410684623697931   10    1    7    4
 0.0001226939572474482   10    1    7    5
 -0.0003079363583332066   10    1    7    6
 0.004433213336020963   10    1    7    7
 2.56540321586675e-06   10    1    8    1
 -0.0001376591073431342   10    1    8    2
 0.0003880647488686111   10    1    8    3
 6.705801455234905e-05   10    1    8    4
 0.0002065746505333977   10    1    8    5
 -0.000335640511933129   10    1    8    6
 0.0003014046752027555   10    1    8    7
 0.005226646364196779   10    1    8    8
 -0.0003736371069971845   10    1    9    1
 0.0001952272216084393   10    1    9    2
 -5.11838234509495e-05   10    1    9    3
 0.0001705672207112299   10    1    9    4
 6.423431106139188e-05   10    1    9    5
 0.0001734253209948658   10    1    9    6
 -0.0003314356031840054   10    1    9    7
 -6.72346408625156e-05   10    1    9    8
 0.005358323100022847   10    1    9    9
 0.0002572713656814625   10    1   10    1
 -0.01079606009754011   10    2    1    1
 -0.0004132360171484823   10    2    2    1
 -0.01118744428639929   10    2    2    2
 0.0004534430245502675   10    2    3    1
 -0.0004153362802432207   10    2    3    2
 -0.008788306193949182   10    2    3    3
 -0.000405855863772854   10    2    4    1
 0.0002288803994356606   10    2    4    2
 -0.0009116613921155857   10    2    4    3
 -0.009520390345082343   10    2    4    4
 -0.0002481889887155902   10    2    5    1
 0.0001956528708538991   10    2    5    2
 -0.0003921813962370682   10    2    5    3
 -0.0004460686421140855   10    2    5    4
 -0.01017440659729785   10    2    5    5
 0.0001420325675373722   10    2    6    1
 -0.0003554974781410385   10    2    6    2
 0.0007358542928686876   10    2    6    3
 2.782403295507442e-05   10    2    6    4
 -0.0008104459069418996   10    2    6    5
 -0.01022090538528976   10    2    6    6
 0.0002600906389628053   10    2    7    1
 -0.0002623765208253484   10    2    7    2
 0.0007124665525034989   10    2    7    3
 -0.0007749504392327281   10    2    7    4
 0.0001908014396243704   10    2    7    5
 0.0004032944655557459   10    2    7    6
 -0.008879487485635176   10    2    7    7
 -0.0001366521969267335   10    2    8    1
 0.000459928035440029   10    2    8    2
 -0.001252311382815591   10    2    8    3
 5.743123757528234e-05   10    2    8    4
 -0.0006718229985785549   10    2    8    5
 0.0003896212807521743   10    2    8    6
 -0.000883494881585341   10    2    8    7
 -0.009455578857483212   10    2    8    8
 0.0005059146242949886   10    2    9    1
 -0.0003935148840126993   10    2    9    2
 0.0002749655283534948   10    2    9    3
 -0.0003076615726702748   10    2    9    4
 0.0001708337087860531   10    2    9    5
 -0.0002071869221267449   10    2    9    6
 0.0007474634113112028   10    2    9    7
 -0.0004751922679812507   10    2    9    8
 -0.010621681003025   10    2    9    9
 -0.0003539345720124768   10    2   10    1
 0.001376192803487352   10    2   10    2
 0.003848883204446409   10    3    1    1
 0.0002891496504724677   10    3    2    1
 0.004152887906802166   10    3    2    2
 0.0001153541803254982   10    3    3    1
 -0.0002024944015728475   10    3    3    2
 0.003650942983261206   10    3    3    3
 1.968693896175215e-05   10    3    4    1
 -0.0001672947923962931   10    3    4    2
 -4.19575863822224e-05   10    3    4    3
 0.00348981364239343   10    3    4    4
 -4.946402100341008e-05   10    3    5    1
 -0.0001134979566439613   10    3    5    2
 0.0002487284209297384   10    3    5    3
 0.0003680531942019151   10    3    5    4
 0.00417726829857186   10    3    5    5
 -1.923461930572058e-05   10    3    6    1
 8.55356626677432e-05   10    3    6    2
 -7.251972727596275e-05   10    3    6    3
 -0.0001421671722835277   10    3    6    4
 0.0001832606642046262   10    3    6    5
 0.004417414109904978   10    3    6    6
 -9.379252966747339e-05   10    3    7    1
 0.0001056156813471422   10    3    7    2
 -0.0001093698143295479   10    3    7    3
 0.0003079063346335774   10    3    7    4
 5.338580105483607e-05   10    3    7    5
 -0.0003620901060212639   10    3    7    6
 0.003692224024757561   10    3    7    7
 7.405854992855183e-06   10    3    8    1
 -0.0001436892129448216   10    3    8    2
 0.0002426495692484626   10    3    8    3
 3.900648678629776e-05   10    3    8    4
 0.0001286758771322961   10    3    8    5
 -0.000156993500945138   10    3    8    6
 6.002848687074563e-05   10    3    8    7
 0.003856959650128979   10    3    8    8
 -0.0001795473708293934   10    3    9    1
 9.910217971094621e-05   10    3    9    2
 -1.219443639506696e-05   10    3    9    3
 0.0001019536674232611   10    3    9    4
 4.964900854704911e-05   10    3    9    5
 0.0002011255711728302   10    3    9    6
 -0.0001996367556921211   10    3    9    7
 0.0001799895861741903   10    3    9    8
 0.004096320040383423   10    3    9    9
 0.0001630179791565989   10    3   10    1
 -0.0002437312573877844   10    3   10    2
 0.0003778456556017323   10    3   10    3
 0.000514461271296206   10    4    1    1
 -1.913808956131839e-05   10    4    2    1
 0.0002922984279520789   10    4    2    2
 -6.954234424663939e-05   10    4    3    1
 3.820078543224675e-06   10    4    3    2
 0.0002118311046214193   10    4    3    3
 0.0001563449393369428   10    4    4    1
 -0.0003398928904070093   10    4    4    2
 0.0001331305682548964   10    4    4    3
 0.0004186026673956418   10    4    4    4
 -6.424827294276848e-05   10    4    5    1
 0.0001045528033179156   10    4    5    2
 -1.073224136461e-05   10    4    5    3
 -6.02202927421488e-05   10    4    5    4
 0.0001126367227520261   10    4    5    5
 -6.734980326653248e-05   10    4    6    1
 8.898789672082152e-05   10    4    6    2
 -0.0001533703497415694   10    4    6    3
 0.0001901384712039848   10    4    6    4
 -3.72845490203634e-05   10    4    6    5
 -0.0006105496729449015   10    4    6    6
 2.947653786574363e-05   10    4    7    1
 -0.0001271961076978626   10    4    7    2
 3.501320002439115e-05   10    4    7    3
 -0.0003267677884564589   10    4    7    4
 -0.0002202114826164604   10    4    7    5
 0.0002602141994062177   10    4    7    6
 0.0001945841889596747   10    4    7    7
 3.503926952004338e-05   10    4    8    1
 -2.119895659635259e-05   10    4    8    2
 8.581155058739793e-05   10    4    8    3
 -5.6988086602801e-06   10    4    8    4
 5.665117729439842e-05   10    4    8    5
 0.0001257291465004152   10    4    8    6
 -0.0001578602608079126   10    4    8    7
 -0.0004864600574281423   10    4    8    8
 0.0002018891018972317   10    4    9    1
 -5.183433352097942e-05   10    4    9    2
 2.223786875077763e-05   10    4    9    3
 -7.726473564502089e-05   10    4    9    4
 -0.0001052122599979069   10    4    9    5
 -0.0003623943883514709   10    4    9    6
 0.0001228699506774738   10    4    9    7
 0.0004550730587856287   10    4    9    8
 -0.0001927600623347555   10    4    9    9
 -6.890493011309504e-05   10    4   10    1
 -3.063636245673198e-05   10    4   10    2
 -9.818729105275073e-05   10    4   10    3
 0.0002270013200194417   10    4   10    4
 0.0006061670473506128   10    5    1    1
 -2.558885487100016e-05   10    5    2    1
 0.0001258788763744784   10    5    2    2
 -0.0002164733272885835   10    5    3    1
 -7.894916436289488e-05   10    5    3    2
 9.287511876915462e-06   10    5    3    3
 6.593092429586684e-05   10    5    4    1
 0.0002317796352808388   10    5    4    2
 3.65487147436807e-05   10    5    4    3
 0.0007239906439433102   10    5    4    4
 0.0002739367330134677   10    5    5    1
 -0.0004313694961441533   10    5    5    2
 0.0001705836893466417   10    5    5    3
 0.0001248515503356913   10    5    5    4
 0.000377950449818651   10    5    5    5
 -6.18961228781056e-05   10    5    6    1
 0.000130737924453791   10    5    6    2
 -0.0002308556842450272   10    5    6    3
 0.0002336754889046428   10    5    6    4
 3.65365031632596e-05   10    5    6    5
 0.0003281360406628806   10    5    6    6
 -9.208535179157673e-07   10    5    7    1
 6.319469035855679e-06   10    5    7    2
 -0.0001066173008916587   10    5    7    3
 -0.0001649284761507899   10    5    7    4
 -0.0003962977587653524   10    5    7    5
 0.0001806451136024483   10    5    7    6
 0.0006585250597760218   10    5    7    7
 7.046417639218838e-05   10    5    8    1
 -0.0001319866712927145   10    5    8    2
 0.0002112814817091981   10    5    8    3
 -4.440781848328097e-05   10    5    8    4
 0.0002101225940917827   10    5    8    5
 -1.681044990656047e-05   10    5    8    6
 8.763040813295517e-05   10    5    8    7
 0.0001709093019856383   10    5    8    8
 0.00012827686653965   10    5    9    1
 4.257312751514053e-05   10    5    9    2
 -6.014867159043458e-05   10    5    9    3
 1.160578737231593e-06   10    5    9    4
 -0.0001921380694763744   10    5    9    5
 -0.000283794514050591   10    5    9    6
 6.415459262678175e-05   10    5    9    7
 0.0001908681602764478   10    5    9    8
 0.0008239949033508093   10    5    9    9
 -1.825222034242337e-05   10    5   10    1
 -0.0002002878729142268   10    5   10    2
 -6.90750306236969e-07   10    5   10    3
 0.0001273897889392923   10    5   10    4
 0.0004174934150172585   10    5   10    5
 -0.0002745477415974767   10    6    1    1
 2.507961476059513e-05   10    6    2    1
 -0.0004728379674866526   10    6    2    2
 1.754418226379233e-05   10    6    3    1
 5.362505507861466e-05   10    6    3    2
 -0.0003259419086286988   10    6    3    3
 -6.284257158759214e-05   10    6    4    1
 -2.237012574162377e-05   10    6    4    2
 -5.487190388632724e-05   10    6    4    3
 -0.0002117789206870918   10    6    4    4
 -0.000126775867387465   10    6    5    1
 -1.102971361104355e-05   10    6    5    2
 3.519427098907587e-05   10    6    5    3
 -0.0001029784984478343   10    6    5    4
 -0.0002895247675450257   10    6    5    5
 0.0002653468642204015   10    6    6    1
 -0.0004021246514179299   10    6    6    2
 7.473184505301017e-05   10    6    6    3
 0.0001118478145137623   10    6    6    4
 7.295345608548625e-06   10    6    6    5
 0.0003040037318311304   10    6    6    6
 2.858711732677186e-05   10    6    7    1
 -0.0002002793401894237   10    6    7    2
 0.0002243217929716975   10    6    7    3
 -0.0003077310468063829   10    6    7    4
 5.508549166722305e-05   10    6    7    5
 0.004646568868628099   10    6    7    6
 -0.005736371552374571   10    6    7    7
 7.948456986574826e-05   10    6    8    1
 1.104804953504781e-05   10    6    8    2
 0.0001824625983238915   10    6    8    3
 -0.0001573587528723343   10    6    8    4
 4.464999960486253e-05   10    6    8    5
 -0.0008061882950177527   10    6    8    6
 0.001064364868136723   10    6    8    7
 0.001772510787794245   10    6    8    8
 -0.0002336667570752502   10    6    9    1
 0.000253401157289097   10    6    9    2
 -0.0003729539566795242   10    6    9    3
 0.000259112423507488   10    6    9    4
 -0.0002762173228668169   10    6    9    5
 -0.002908513320573627   10    6    9    6
 0.00263464247023812   10    6    9    7
 -0.006946705928685287   10    6    9    8
 0.006397969531070568   10    6    9    9
 2.79605641890766e-05   10    6   10    1
 0.0001525747194174503   10    6   10    2
 -0.0004080157864353028   10    6   10    3
 -0.0002360728794145144   10    6   10    4
 0.0005350245464158127   10    6   10    5
 0.02384191702224895   10    6   10    6
 -0.002271542191407306   10    7    1    1
 -4.313915150363004e-05   10    7    2    1
 -0.001975919674751772   10    7    2    2
 -8.644701986645183e-05   10    7    3    1
 0.0002041481198733661   10    7    3    2
 -0.001673564710999869   10    7    3    3
 0.0001190105580199667   10    7    4    1
 -0.0004057502273121344   10    7    4    2
 0.0002654021362369173   10    7    4    3
 -0.002311545308517739   10    7    4    4
 -2.995182121175939e-05   10    7    5    1
 9.780729590913704e-05   10    7    5    2
 -4.363524336327396e-05   10    7    5    3
 -8.400136882464915e-05   10    7    5    4
 -0.002374032032193495   10    7    5    5
 0.000211568572317738   10    7    6    1
 -0.0002374382983075282   10    7    6    2
 0.0001362335846492308   10    7    6    3
 -0.0001892742220226428   10    7    6    4
 0.0002151495930372973   10    7    6    5
 -0.00399608859103946   10    7    6    6
 0.0001386391991855775   10    7    7    1
 -0.0002643034575976575   10    7    7    2
 -0.000151075405606283   10    7    7    3
 0.0006198369700788852   10    7    7    4
 0.0004627450717573427   10    7    7    5
 0.003083850965197694   10    7    7    6
 0.003243512015671967   10    7    7    7
 -6.906542097522631e-05   10    7    8    1
 -0.0002021302879564455   10    7    8    2
 0.0005594941009695729   10    7    8    3
 -8.55288812433098e-05   10    7    8    4
 0.0002018181219123475   10    7    8    5
 0.0002632999648692654   10    7    8    6
 -0.001101164198360365   10    7    8    7
 0.01183009042115605   10    7    8    8
 -0.0005173998647803405   10    7    9    1
 6.35019958892907e-05   10    7    9    2
 0.0001939356430045876   10    7    9    3
 0.0003372882040272595   10    7    9    4
 0.0001101848645245119   10    7    9    5
 -0.007016068558058511   10    7    9    6
 0.0007949129450948721   10    7    9    7
 0.004680426253293474   10    7    9    8
 0.005889151674351708   10    7    9    9
 -0.0001527339982916187   10    7   10    1
 -2.577644427991067e-05   10    7   10    2
 -0.0003484605196699609   10    7   10    3
 0.0009200384083148558   10    7   10    4
 0.0004246243155181752   10    7   10    5
 0.001765997278976928   10    7   10    6
 0.02438325460444889   10    7   10    7
 0.0006431036726735541   10    8    1    1
 1.508766711444114e-05   10    8    2    1
 0.0009712152828963739   10    8    2    2
 9.148140073206304e-05   10    8    3    1
 -0.0001302141665228991   10    8    3    2
 0.0008549048315204332   10    8    3    3
 -2.699593946629393e-06   10    8    4    1
 1.992420206796604e-05   10    8    4    2
 -6.093523681387509e-05   10    8    4    3
 0.0006406605028951269   10    8    4    4
 4.793436914079714e-05   10    8    5    1
 -3.810335776056314e-05   10    8    5    2
 1.380604990130186e-05   10    8    5    3
 5.199180315595247e-05   10    8    5    4
 0.0008711675143208764   10    8    5    5
 1.182402811953876e-05   10    8    6    1
 -3.336549997404244e-05   10    8    6    2
 0.0001451501100000372   10    8    6    3
 -7.860800729566883e-05   10    8    6    4
 -0.0001760351537554386   10    8    6    5
 -0.004074264661052904   10    8    6    6
 1.732336569150123e-05   10    8    7    1
 -4.131444045980105e-05   10    8    7    2
 3.164520726033675e-05   10    8    7    3
 -7.145185102234917e-05   10    8    7    4
 -9.258458117369246e-05   10    8    7    5
 -0.001860837016455519   10    8    7    6
 -0.0009116713813508694   10    8    7    7
 0.0001388785196570283   10    8    8    1
 -0.000248772719233928   10    8    8    2
 -0.0001106682205738418   10    8    8    3
 -0.0001417601257775047   10    8    8    4
 -0.0002150559835292711   10    8    8    5
 -0.0002123632752927405   10    8    8    6
 -0.003482140287874675   10    8    8    7
 -0.004850472926043126   10    8    8    8
 0.0002151432278971104   10    8    9    1
 -0.0003126916942277765   10    8    9    2
 0.0003569315537096   10    8    9    3
 -4.78960995096618e-05   10    8    9    4
 0.0001442843697078299   10    8    9    5
 -0.001786642869529747   10    8    9    6
 0.0006612609443220078   10    8    9    7
 0.004200698194210826   10    8    9    8
 -0.008870352421994609   10    8    9    9
 -0.0002445083293645942   10    8   10    1
 0.0001189518220156521   10    8   10    2
 0.0003523746294559772   10    8   10    3
 0.0002881066335341851   10    8   10    4
 0.0001835300010009969   10    8   10    5
 -0.004480811141531439   10    8   10    6
 0.001191278804538051   10    8   10    7
 0.01655249834959814   10    8   10    8
 0.0005727584870875571   10    9    1    1
 -3.844727283516396e-06   10    9    2    1
 0.0006684711103215209   10    9    2    2
 5.107774227165009e-05   10    9    3    1
 -5.449846207489466e-05   10    9    3    2
 0.0008473294729546008   10    9    3    3
 -3.35188879934012e-05   10    9    4    1
 2.06364994171781e-05   10    9    4    2
 -0.0001540669248408656   10    9    4    3
 0.0007141093274673223   10    9    4    4
 1.941252912284449e-05   10    9    5    1
 1.639443763318325e-05   10    9    5    2
 1.265154769402245e-05   10    9    5    3
 3.112048043273233e-05   10    9    5    4
 0.0009345262063385571   10    9    5    5
 -1.637850940060999e-05   10    9    6    1
 -6.523997512929868e-05   10    9    6    2
 -0.0001941933988771899   10    9    6    3
 -0.0002788980193164679   10    9    6    4
 0.0009308362168071255   10    9    6    5
 0.03798262599161866   10    9    6    6
 -0.0002873256106620236   10    9    7    1
 0.0002279395091200669   10    9    7    2
 -0.0005303871693328131   10    9    7    3
 0.0008581259696292159   10    9    7    4
 0.0003380722923049381   10    9    7    5
 0.003137487590130901   10    9    7    6
 0.02574542150165793   10    9    7    7
 -7.898322229281656e-05   10    9    8    1
 -0.0004029147661049118   10    9    8    2
 0.000671373535135479   10    9    8    3
 2.00783265845724e-05   10    9    8    4
 0.0005692994495311312   10    9    8    5
 0.006194634950746755   10    9    8    6
 -0.003891826776361913   10    9    8    7
 0.02144509194828699   10    9    8    8
 -0.0003964837038963672   10    9    9    1
 -0.000294212022637772   10    9    9    2
 0.0003282453339513365   10    9    9    3
 0.0003634392030816782   10    9    9    4
 0.0002170128973929513   10    9    9    5
 -0.002736110116666964   10    9    9    6
 -0.001160409984422261   10    9    9    7
 0.001879962968849807   10    9    9    8
 0.03540338512324935   10    9    9    9
 -0.0002922849458945684   10    9   10    1
 -0.0003462245951415562   10    9   10    2
 0.0001756487692114834   10    9   10    3
 0.0004981296891734772   10    9   10    4
 0.0002336191036856523   10    9   10    5
 -0.0009246890550942171   10    9   10    6
 0.0001004961091416755   10    9   10    7
 0.002136536350833675   10    9   10    8
 0.02959674945958871   10    9   10    9
 0.1880394714816428   10   10    1    1
 0.0005691805420457697   10   10    2    1
 0.1905673103725634   10   10    2    2
 0.001819504187500709   10   10    3    1
 -0.001852409610043777   10   10    3    2
 0.1833258016478916   10   10    3    3
 -0.001329659240943506   10   10    4    1
 0.001130718062670033   10   10    4    2
 -0.005017323748239622   10   10    4    3
 0.1818499814947105   10   10    4    4
 -0.0004468117578700897   10   10    5    1
 -0.000737556248359258   10   10    5    2
 0.004135912184459089   10   10    5    3
 0.004419303429041742   10   10    5    4
 0.1945837494840605   10   10    5    5
 0.0005256454848296833   10   10    6    1
 0.0006727839934248871   10   10    6    2
 -0.005081070524140821   10   10    6    3
 -0.006180798433200466   10   10    6    4
 0.01297870029126354   10   10    6    5
 0.6759735816310731   10   10    6    6
 -0.003779368838343624   10   10    7    1
 0.002190209074589624   10   10    7    2
 -0.004932221872492986   10   10    7    3
 0.01424979057801383   10   10    7    4
 0.005262955243549378   10   10    7    5
 -0.01672463910495815   10   10    7    6
 0.5944807821871222   10   10    7    7
 -0.00178855031273478   10   10    8    1
 -0.00627263083664354   10   10    8    2
 0.01356338399994294   10   10    8    3
 0.004216953033221827   10   10    8    4
 0.008595898080351383   10   10    8    5
 -0.01487189624625779   10   10    8    6
 0.00938229367391482   10   10    8    7
 0.6356773074941999   10   10    8    8
 -0.01069508004253577   10   10    9    1
 0.006076909301413679   10   10    9    2
 -0.0008314968914482763   10   10    9    3
 0.00672441979080132   10   10    9    4
 0.001280475530659305   10   10    9    5
 -0.0003991395069232663   10   10    9    6
 -0.02110789922111395   10   10    9    7
 0.004032381549873733   10   10    9    8
 0.6764017540168336   10   10    9    9
 0.00618938821709641   10   10   10    1
 -0.01121787355487947   10   10   10    2
 0.004622004882449612   10   10   10    3
 -0.0007538570555539105   10   10   10    4
 0.0001172684954945238   10   10   10    5
 0.0004801753815139508   10   10   10    6
 0.005656777126385829   10   10   10    7
 -0.005194502180015209   10   10   10    8
 0.03548253294424713   10   10   10    9
 0.7358479703167475   10   10   10   10
 -3.891853132588482    1    1  0  0
 -0.14087504906273    2    1  0  0
 -3.889356957122834    2    2  0  0
 0.008991485448015849    3    1  0  0
 -0.04846085469934611    3    2  0  0
 -3.568822220994923    3    3  0  0
 -0.02377337726260934    4    1  0  0
 0.04027736776852617    4    2  0  0
 -0.05627031071808761    4    3  0  0
 -3.578843550643342    4    4  0  0
 -0.0007677849294619954    5    1  0  0
 0.01698283984196234    5    2  0  0
 -0.1045829731531493    5    3  0  0
 -0.08828766973610293    5    4  0  0
 -3.868497835474932    5    5  0  0
 -0.001126005223515686    6    1  0  0
 -0.006338957466319253    6    2  0  0
 0.05068898643196162    6    3  0  0
 0.05129226846280927    6    4  0  0
 -0.1698124259041553    6    5  0  0
 -3.874301334743604    6    6  0  0
 0.04746740805515929    7    1  0  0
 -0.04081556675439248    7    2  0  0
 0.06705294669949549    7    3  0  0
 -0.1495794155229205    7    4  0  0
 -0.03845125471916674    7    5  0  0
 0.06340537016488311    7    6  0  0
 -3.534835574354549    7    7  0  0
 0.005418850882324361    8    1  0  0
 0.05956124639716474    8    2  0  0
 -0.1371826645714946    8    3  0  0
 -0.02634384270803577    8    4  0  0
 -0.06079344101661936    8    5  0  0
 0.1201285439585643    8    6  0  0
 -0.03754599987289933    8    7  0  0
 -3.613146239040438    8    8  0  0
 0.1139300392205182    9    1  0  0
 -0.05518987542179676    9    2  0  0
 0.01815413898290493    9    3  0  0
 -0.06982940813101385    9    4  0  0
 -0.004267563870692164    9    5  0  0
 0.01329627955211522    9    6  0  0
 0.06424463516116759    9    7  0  0
 -0.02857328318419368    9    8  0  0
 -3.891825651156844    9    9  0  0
 -0.04639029696141914   10    1  0  0
 0.1123437599876063   10    2  0  0
 -0.04361115966831722   10    3  0  0
 0.009824770807129311   10    4  0  0
 -0.003337140960356865   10    5  0  0
 -0.0005079747949648112   10    6  0  0
 -0.007049322212351251   10    7  0  0
 0.01586888935622243   10    8  0  0
 -0.1394225239759543   10    9  0  0
 -3.894519897230353   10   10  0  0
 -95.54974224310712  0  0  0  0
